{
    "customer_1": {
        "coordinates": {
            "x": 96.0,
            "y": 44.0
        },
        "demand": 19.0,
        "due_time": 1100.0,
        "ready_time": 0.0,
        "service_time": 90.0
    },
    "customer_10": {
        "coordinates": {
            "x": 3.0,
            "y": 82.0
        },
        "demand": 8.0,
        "due_time": 1100.0,
        "ready_time": 0.0,
        "service_time": 90.0
    },
    "customer_11": {
        "coordinates": {
            "x": 5.0,
            "y": 10.0
        },
        "demand": 14.0,
        "due_time": 1100.0,
        "ready_time": 0.0,
        "service_time": 90.0
    },
    "customer_12": {
        "coordinates": {
            "x": 98.0,
            "y": 52.0
        },
        "demand": 21.0,
        "due_time": 1100.0,
        "ready_time": 0.0,
        "service_time": 90.0
    },
    "customer_13": {
        "coordinates": {
            "x": 84.0,
            "y": 25.0
        },
        "demand": 16.0,
        "due_time": 1100.0,
        "ready_time": 0.0,
        "service_time": 90.0
    },
    "customer_14": {
        "coordinates": {
            "x": 61.0,
            "y": 59.0
        },
        "demand": 3.0,
        "due_time": 1100.0,
        "ready_time": 0.0,
        "service_time": 90.0
    },
    "customer_15": {
        "coordinates": {
            "x": 1.0,
            "y": 65.0
        },
        "demand": 22.0,
        "due_time": 1100.0,
        "ready_time": 0.0,
        "service_time": 90.0
    },
    "customer_16": {
        "coordinates": {
            "x": 88.0,
            "y": 51.0
        },
        "demand": 18.0,
        "due_time": 1100.0,
        "ready_time": 0.0,
        "service_time": 90.0
    },
    "customer_17": {
        "coordinates": {
            "x": 91.0,
            "y": 2.0
        },
        "demand": 19.0,
        "due_time": 1100.0,
        "ready_time": 0.0,
        "service_time": 90.0
    },
    "customer_18": {
        "coordinates": {
            "x": 19.0,
            "y": 32.0
        },
        "demand": 1.0,
        "due_time": 1100.0,
        "ready_time": 0.0,
        "service_time": 90.0
    },
    "customer_19": {
        "coordinates": {
            "x": 93.0,
            "y": 3.0
        },
        "demand": 24.0,
        "due_time": 1100.0,
        "ready_time": 0.0,
        "service_time": 90.0
    },
    "customer_2": {
        "coordinates": {
            "x": 50.0,
            "y": 5.0
        },
        "demand": 21.0,
        "due_time": 1100.0,
        "ready_time": 0.0,
        "service_time": 90.0
    },
    "customer_20": {
        "coordinates": {
            "x": 50.0,
            "y": 93.0
        },
        "demand": 8.0,
        "due_time": 1100.0,
        "ready_time": 0.0,
        "service_time": 90.0
    },
    "customer_21": {
        "coordinates": {
            "x": 98.0,
            "y": 14.0
        },
        "demand": 12.0,
        "due_time": 1100.0,
        "ready_time": 0.0,
        "service_time": 90.0
    },
    "customer_22": {
        "coordinates": {
            "x": 5.0,
            "y": 42.0
        },
        "demand": 4.0,
        "due_time": 1100.0,
        "ready_time": 0.0,
        "service_time": 90.0
    },
    "customer_23": {
        "coordinates": {
            "x": 42.0,
            "y": 9.0
        },
        "demand": 8.0,
        "due_time": 1100.0,
        "ready_time": 0.0,
        "service_time": 90.0
    },
    "customer_24": {
        "coordinates": {
            "x": 61.0,
            "y": 62.0
        },
        "demand": 24.0,
        "due_time": 1100.0,
        "ready_time": 0.0,
        "service_time": 90.0
    },
    "customer_25": {
        "coordinates": {
            "x": 9.0,
            "y": 97.0
        },
        "demand": 24.0,
        "due_time": 1100.0,
        "ready_time": 0.0,
        "service_time": 90.0
    },
    "customer_26": {
        "coordinates": {
            "x": 80.0,
            "y": 55.0
        },
        "demand": 2.0,
        "due_time": 1100.0,
        "ready_time": 0.0,
        "service_time": 90.0
    },
    "customer_27": {
        "coordinates": {
            "x": 57.0,
            "y": 69.0
        },
        "demand": 20.0,
        "due_time": 1100.0,
        "ready_time": 0.0,
        "service_time": 90.0
    },
    "customer_28": {
        "coordinates": {
            "x": 23.0,
            "y": 15.0
        },
        "demand": 15.0,
        "due_time": 1100.0,
        "ready_time": 0.0,
        "service_time": 90.0
    },
    "customer_29": {
        "coordinates": {
            "x": 20.0,
            "y": 70.0
        },
        "demand": 2.0,
        "due_time": 1100.0,
        "ready_time": 0.0,
        "service_time": 90.0
    },
    "customer_3": {
        "coordinates": {
            "x": 49.0,
            "y": 8.0
        },
        "demand": 6.0,
        "due_time": 1100.0,
        "ready_time": 0.0,
        "service_time": 90.0
    },
    "customer_30": {
        "coordinates": {
            "x": 85.0,
            "y": 60.0
        },
        "demand": 14.0,
        "due_time": 1100.0,
        "ready_time": 0.0,
        "service_time": 90.0
    },
    "customer_31": {
        "coordinates": {
            "x": 98.0,
            "y": 5.0
        },
        "demand": 9.0,
        "due_time": 1100.0,
        "ready_time": 0.0,
        "service_time": 90.0
    },
    "customer_4": {
        "coordinates": {
            "x": 13.0,
            "y": 7.0
        },
        "demand": 19.0,
        "due_time": 1100.0,
        "ready_time": 0.0,
        "service_time": 90.0
    },
    "customer_5": {
        "coordinates": {
            "x": 29.0,
            "y": 89.0
        },
        "demand": 7.0,
        "due_time": 1100.0,
        "ready_time": 0.0,
        "service_time": 90.0
    },
    "customer_6": {
        "coordinates": {
            "x": 58.0,
            "y": 30.0
        },
        "demand": 12.0,
        "due_time": 1100.0,
        "ready_time": 0.0,
        "service_time": 90.0
    },
    "customer_7": {
        "coordinates": {
            "x": 84.0,
            "y": 39.0
        },
        "demand": 16.0,
        "due_time": 1100.0,
        "ready_time": 0.0,
        "service_time": 90.0
    },
    "customer_8": {
        "coordinates": {
            "x": 14.0,
            "y": 24.0
        },
        "demand": 6.0,
        "due_time": 1100.0,
        "ready_time": 0.0,
        "service_time": 90.0
    },
    "customer_9": {
        "coordinates": {
            "x": 2.0,
            "y": 39.0
        },
        "demand": 16.0,
        "due_time": 1100.0,
        "ready_time": 0.0,
        "service_time": 90.0
    },
    "deport": {
        "coordinates": {
            "x": 82.0,
            "y": 76.0
        },
        "demand": 0.0,
        "due_time": 1200.0,
        "ready_time": 0.0,
        "service_time": 0.0
    },
    "distance_matrix": [
        [
            0.0,
            34.928498393145965,
            77.87810988975015,
            75.58438992278762,
            97.58073580374356,
            54.57105459856901,
            51.88448708429139,
            37.05401462729781,
            85.60373823613078,
            88.14193099768123,
            79.22752047110903,
            101.41498903022176,
            28.844410203711913,
            51.03920062069938,
            27.018512172212592,
            81.74350127074322,
            25.709920264364882,
            74.54528824815154,
            76.84399781375251,
            73.824115301167,
            36.235341863986875,
            64.03124237432849,
            84.17244204607587,
            78.03204469959762,
            25.238858928247925,
            75.96051605933177,
            21.095023109728988,
            25.96150997149434,
            84.86459803710851,
            62.289646009589745,
            16.278820596099706,
            72.78049189171504
        ],
        [
            34.928498393145965,
            0.0,
            60.30754513325841,
            59.20304046246274,
            90.87353850269065,
            80.7093550959243,
            40.496913462633174,
            13.0,
            84.40379138403677,
            94.13288479590966,
            100.46392387319938,
            97.14422267947796,
            8.246211251235321,
            22.47220505424423,
            38.07886552931954,
            97.29337079164233,
            10.63014581273465,
            42.2965719651132,
            77.92945527847606,
            41.10960958218893,
            67.20863039818622,
            30.066592756745816,
            91.02197536858887,
            64.35060217278468,
            39.35733730830885,
            101.87246929372037,
            19.4164878389476,
            46.32493928760188,
            78.54934754662193,
            80.32434251209281,
            19.4164878389476,
            39.05124837953327
        ],
        [
            77.87810988975015,
            60.30754513325841,
            0.0,
            3.162277660168379,
            37.05401462729781,
            86.58521813797087,
            26.248809496813376,
            48.08326112068523,
            40.70626487409524,
            58.82176467941097,
            90.21086409075129,
            45.27692569068708,
            67.17886572427373,
            39.44616584663204,
            55.10898293381942,
            77.46612162745726,
            59.665735560705194,
            41.10960958218893,
            41.10960958218893,
            43.04648650006177,
            88.0,
            48.83646178829912,
            58.25804665451803,
            8.94427190999916,
            58.051701094799974,
            100.72239075796404,
            58.309518948453004,
            64.38167441127949,
            28.792360097775937,
            71.58910531638176,
            65.19202405202648,
            48.0
        ],
        [
            75.58438992278762,
            59.20304046246274,
            3.162277660168379,
            0.0,
            36.013886210738214,
            83.43260753446461,
            23.769728648009426,
            46.75467891024384,
            38.48376280978771,
            56.30275304103699,
            87.13208364316786,
            44.04543109109048,
            65.85590330410783,
            38.91015291668744,
            52.392747589718944,
            74.51845409024533,
            58.051701094799974,
            42.42640687119285,
            38.41874542459709,
            44.28317965096906,
            85.00588214941364,
            49.36598018878993,
            55.60575509783138,
            7.0710678118654755,
            55.31726674375732,
            97.57561170702441,
            56.30275304103699,
            61.5223536610881,
            26.92582403567252,
            68.4470598345904,
            63.245553203367585,
            49.09175083453431
        ],
        [
            97.58073580374356,
            90.87353850269065,
            37.05401462729781,
            36.013886210738214,
            0.0,
            83.54639429682169,
            50.53711507397311,
            77.87810988975015,
            17.029386365926403,
            33.83784863137726,
            75.66372975210778,
            8.54400374531753,
            96.17692030835673,
            73.24616030891995,
            70.76722405181653,
            59.22837157984339,
            86.95401083331349,
            78.16009211867653,
            25.709920264364882,
            80.09993757800314,
            93.62157870918435,
            85.28774824088158,
            35.90264614203248,
            29.068883707497267,
            73.0,
            90.08884503644167,
            82.41965784932621,
            76.02631123499285,
            12.806248474865697,
            63.387695966961914,
            89.40357934669059,
            85.0235261559999
        ],
        [
            54.57105459856901,
            80.7093550959243,
            86.58521813797087,
            83.43260753446461,
            83.54639429682169,
            0.0,
            65.7419196555744,
            74.33034373659252,
            66.70832032063167,
            56.824290580701486,
            26.92582403567252,
            82.56512580987206,
            78.29431652425353,
            84.38601779915912,
            43.86342439892262,
            36.87817782917155,
            70.178344238091,
            106.83164325236227,
            57.87054518492115,
            107.20074626605917,
            21.37755832643195,
            101.91172650877817,
            52.773099207835045,
            81.04936767180853,
            41.86884283091664,
            21.540659228538015,
            61.29437168288782,
            34.40930106817051,
            74.24284477308234,
            21.02379604162864,
            63.06346010171025,
            108.70602559196064
        ],
        [
            51.88448708429139,
            40.496913462633174,
            26.248809496813376,
            23.769728648009426,
            50.53711507397311,
            65.7419196555744,
            0.0,
            27.51363298439521,
            44.40720662234904,
            56.71860364994893,
            75.69015788066504,
            56.64803615307419,
            45.65084884205331,
            26.476404589747453,
            29.154759474226502,
            66.88796603276258,
            36.61966684720111,
            43.278170016764804,
            39.05124837953327,
            44.204072210600685,
            63.50590523722971,
            43.08131845707603,
            54.341512676774094,
            26.40075756488817,
            32.14031735997639,
            83.00602387778854,
            33.301651610693426,
            39.01281840626232,
            38.07886552931954,
            55.17245689653489,
            40.36087214122113,
            47.16990566028302
        ],
        [
            37.05401462729781,
            13.0,
            48.08326112068523,
            46.75467891024384,
            77.87810988975015,
            74.33034373659252,
            27.51363298439521,
            0.0,
            71.58910531638176,
            82.0,
            91.706052144883,
            84.154619599877,
            19.1049731745428,
            14.0,
            30.479501308256342,
            86.97700845625813,
            12.649110640673516,
            37.656340767525464,
            65.37583651472461,
            37.107950630558946,
            63.812224534175265,
            28.653097563788805,
            79.05694150420948,
            51.61395160225576,
            32.526911934581186,
            94.81033698917012,
            16.492422502470642,
            40.36087214122113,
            65.55150646628954,
            71.11258679024411,
            21.02379604162864,
            36.76955262170047
        ],
        [
            85.60373823613078,
            84.40379138403677,
            40.70626487409524,
            38.48376280978771,
            17.029386365926403,
            66.70832032063167,
            44.40720662234904,
            71.58910531638176,
            0.0,
            19.209372712298546,
            59.033888572581766,
            16.64331697709324,
            88.54377448471462,
            70.00714249274856,
            58.60034129593445,
            43.01162633521314,
            78.77182237323191,
            80.0812087820857,
            9.433981132056603,
            81.74350127074322,
            77.82673062643708,
            84.5931439302264,
            20.12461179749811,
            31.76476034853718,
            60.440052945046304,
            73.17103251970687,
            72.91776189653656,
            62.24146527838174,
            12.727922061357855,
            46.389654018972806,
            79.60527620704548,
            86.12200647918046
        ],
        [
            88.14193099768123,
            94.13288479590966,
            58.82176467941097,
            56.30275304103699,
            33.83784863137726,
            56.824290580701486,
            56.71860364994893,
            82.0,
            19.209372712298546,
            0.0,
            43.01162633521314,
            29.154759474226502,
            96.87620966986684,
            83.18653737234169,
            62.297672508690084,
            26.019223662515376,
            86.83317338436964,
            96.38464608017192,
            18.384776310850235,
            97.86214794290998,
            72.24956747275377,
            99.20181449953424,
            4.242640687119285,
            50.0,
            63.324560795950255,
            58.42088667591412,
            79.62411694957753,
            62.64982043070834,
            31.89043743820395,
            35.84689665786984,
            85.61541917201598,
            101.84301645179212
        ],
        [
            79.22752047110903,
            100.46392387319938,
            90.21086409075129,
            87.13208364316786,
            75.66372975210778,
            26.92582403567252,
            75.69015788066504,
            91.706052144883,
            59.033888572581766,
            43.01162633521314,
            0.0,
            72.02777242147643,
            99.62429422585637,
            99.04544411531506,
            62.39390995922599,
            17.11724276862369,
            90.47651629014017,
            118.92854997854805,
            52.49761899362675,
            119.75391434103521,
            48.27007354458868,
            116.8289347721702,
            40.04996878900157,
            82.76472678623425,
            61.35144660071187,
            16.15549442140351,
            81.59656855530139,
            55.54277630799526,
            69.92138442565336,
            20.808652046684813,
            84.8999411071645,
            122.28654872879518
        ],
        [
            101.41498903022176,
            97.14422267947796,
            45.27692569068708,
            44.04543109109048,
            8.54400374531753,
            82.56512580987206,
            56.64803615307419,
            84.154619599877,
            16.64331697709324,
            29.154759474226502,
            72.02777242147643,
            0.0,
            102.04410811016969,
            80.4114419718985,
            74.41102068914255,
            55.14526271584895,
            92.57429448826494,
            86.37129152675674,
            26.076809620810593,
            88.2779700718135,
            94.41398201537736,
            93.08598175880189,
            32.0,
            37.013511046643494,
            76.4198926981712,
            87.09190547921202,
            87.46427842267951,
            78.64477096412705,
            18.681541692269406,
            61.84658438426491,
            94.33981132056604,
            93.13431161500041
        ],
        [
            28.844410203711913,
            8.246211251235321,
            67.17886572427373,
            65.85590330410783,
            96.17692030835673,
            78.29431652425353,
            45.65084884205331,
            19.1049731745428,
            88.54377448471462,
            96.87620966986684,
            99.62429422585637,
            102.04410811016969,
            0.0,
            30.4138126514911,
            37.656340767525464,
            97.86725703727473,
            10.04987562112089,
            50.48762224545735,
            81.49233092751734,
            49.25444142409901,
            63.12685640834652,
            38.0,
            93.53608929178085,
            70.60453243241541,
            38.3275357934736,
            99.72963451251589,
            18.24828759089466,
            44.384682042344295,
            83.6301381082203,
            80.049984384758,
            15.264337522473747,
            47.0
        ],
        [
            51.03920062069938,
            22.47220505424423,
            39.44616584663204,
            38.91015291668744,
            73.24616030891995,
            84.38601779915912,
            26.476404589747453,
            14.0,
            70.00714249274856,
            83.18653737234169,
            99.04544411531506,
            80.4114419718985,
            30.4138126514911,
            0.0,
            41.048751503547585,
            92.13576938409967,
            26.30589287593181,
            24.041630560342615,
            65.37583651472461,
            23.769728648009426,
            76.02631123499285,
            17.804493814764857,
            80.80841540334768,
            44.94441010848846,
            43.56604182158393,
            103.96634070698074,
            30.265491900843113,
            51.62363799656123,
            61.814237842102365,
            78.2368199762746,
            35.014282800023196,
            24.413111231467408
        ],
        [
            27.018512172212592,
            38.07886552931954,
            55.10898293381942,
            52.392747589718944,
            70.76722405181653,
            43.86342439892262,
            29.154759474226502,
            30.479501308256342,
            58.60034129593445,
            62.297672508690084,
            62.39390995922599,
            74.41102068914255,
            37.656340767525464,
            41.048751503547585,
            0.0,
            60.29925372672534,
            28.160255680657446,
            64.41273166075166,
            49.92995093127971,
            64.4980619863884,
            35.73513677041127,
            58.25804665451803,
            58.52349955359813,
            53.48831648126533,
            3.0,
            64.40496875241847,
            19.4164878389476,
            10.770329614269007,
            58.137767414994535,
            42.44997055358225,
            24.020824298928627,
            65.45991139621256
        ],
        [
            81.74350127074322,
            97.29337079164233,
            77.46612162745726,
            74.51845409024533,
            59.22837157984339,
            36.87817782917155,
            66.88796603276258,
            86.97700845625813,
            43.01162633521314,
            26.019223662515376,
            17.11724276862369,
            55.14526271584895,
            97.86725703727473,
            92.13576938409967,
            60.29925372672534,
            0.0,
            88.11923740024082,
            109.85900054160332,
            37.589892258425,
            110.9414259868693,
            56.435804238089844,
            109.59014554237986,
            23.345235059857504,
            69.40461079784254,
            60.07495318350236,
            32.984845004941285,
            79.63039620647382,
            56.142675390472796,
            54.62600113499065,
            19.6468827043885,
            84.1486779456457,
            114.0570032922135
        ],
        [
            25.709920264364882,
            10.63014581273465,
            59.665735560705194,
            58.051701094799974,
            86.95401083331349,
            70.178344238091,
            36.61966684720111,
            12.649110640673516,
            78.77182237323191,
            86.83317338436964,
            90.47651629014017,
            92.57429448826494,
            10.04987562112089,
            26.30589287593181,
            28.160255680657446,
            88.11923740024082,
            0.0,
            49.09175083453431,
            71.56814934033156,
            48.25971404805462,
            56.639209034025185,
            38.3275357934736,
            83.4865258589672,
            62.289646009589745,
            29.154759474226502,
            91.4166286842826,
            8.94427190999916,
            35.84689665786984,
            74.30343195303969,
            70.60453243241541,
            9.486832980505138,
            47.07440918375928
        ],
        [
            74.54528824815154,
            42.2965719651132,
            41.10960958218893,
            42.42640687119285,
            78.16009211867653,
            106.83164325236227,
            43.278170016764804,
            37.656340767525464,
            80.0812087820857,
            96.38464608017192,
            118.92854997854805,
            86.37129152675674,
            50.48762224545735,
            24.041630560342615,
            64.41273166075166,
            109.85900054160332,
            49.09175083453431,
            0.0,
            78.0,
            2.23606797749979,
            99.80981915623332,
            13.892443989449804,
            94.847245611035,
            49.49747468305833,
            67.08203932499369,
            125.49501982150527,
            54.12947441089743,
            75.13321502504735,
            69.2314957226839,
            98.3107318658548,
            58.309518948453004,
            7.615773105863909
        ],
        [
            76.84399781375251,
            77.92945527847606,
            41.10960958218893,
            38.41874542459709,
            25.709920264364882,
            57.87054518492115,
            39.05124837953327,
            65.37583651472461,
            9.433981132056603,
            18.384776310850235,
            52.49761899362675,
            26.076809620810593,
            81.49233092751734,
            65.37583651472461,
            49.92995093127971,
            37.589892258425,
            71.56814934033156,
            78.0,
            0.0,
            79.47955712005447,
            68.42514157822401,
            81.02468759581859,
            17.204650534085253,
            32.526911934581186,
            51.61395160225576,
            65.76473218982953,
            65.19202405202648,
            53.03772242470448,
            17.464249196572982,
            38.01315561749642,
            71.69379331573968,
            83.4865258589672
        ],
        [
            73.824115301167,
            41.10960958218893,
            43.04648650006177,
            44.28317965096906,
            80.09993757800314,
            107.20074626605917,
            44.204072210600685,
            37.107950630558946,
            81.74350127074322,
            97.86214794290998,
            119.75391434103521,
            88.2779700718135,
            49.25444142409901,
            23.769728648009426,
            64.4980619863884,
            110.9414259868693,
            48.25971404805462,
            2.23606797749979,
            79.47955712005447,
            0.0,
            99.74467404327912,
            12.083045973594572,
            96.25487000666512,
            51.35172830587107,
            67.11929677819934,
            126.0634760745554,
            53.600373133029585,
            75.17978451685,
            71.02112361825881,
            99.08582138732059,
            57.55866572463264,
            5.385164807134504
        ],
        [
            36.235341863986875,
            67.20863039818622,
            88.0,
            85.00588214941364,
            93.62157870918435,
            21.37755832643195,
            63.50590523722971,
            63.812224534175265,
            77.82673062643708,
            72.24956747275377,
            48.27007354458868,
            94.41398201537736,
            63.12685640834652,
            76.02631123499285,
            35.73513677041127,
            56.435804238089844,
            56.639209034025185,
            99.80981915623332,
            68.42514157822401,
            99.74467404327912,
            0.0,
            92.43916918709299,
            68.01470429252781,
            84.38009243891595,
            32.89376840679705,
            41.19465984809196,
            48.41487374764082,
            25.0,
            82.54089895318563,
            37.8021163428716,
            48.104053883222775,
            100.23971268913334
        ],
        [
            64.03124237432849,
            30.066592756745816,
            48.83646178829912,
            49.36598018878993,
            85.28774824088158,
            101.91172650877817,
            43.08131845707603,
            28.653097563788805,
            84.5931439302264,
            99.20181449953424,
            116.8289347721702,
            93.08598175880189,
            38.0,
            17.804493814764857,
            58.25804665451803,
            109.59014554237986,
            38.3275357934736,
            13.892443989449804,
            81.02468759581859,
            12.083045973594572,
            92.43916918709299,
            0.0,
            97.12363255150622,
            56.22277118748239,
            60.60528029800704,
            121.69634341261039,
            44.77722635447622,
            68.60029154456998,
            75.0066663703967,
            96.02083107326243,
            47.801673610868484,
            9.0
        ],
        [
            84.17244204607587,
            91.02197536858887,
            58.25804665451803,
            55.60575509783138,
            35.90264614203248,
            52.773099207835045,
            54.341512676774094,
            79.05694150420948,
            20.12461179749811,
            4.242640687119285,
            40.04996878900157,
            32.0,
            93.53608929178085,
            80.80841540334768,
            58.52349955359813,
            23.345235059857504,
            83.4865258589672,
            94.847245611035,
            17.204650534085253,
            96.25487000666512,
            68.01470429252781,
            97.12363255150622,
            0.0,
            49.57822102496216,
            59.464274989274024,
            55.14526271584895,
            76.11832893594026,
            58.59180830116101,
            32.449961479175904,
            31.76476034853718,
            82.0,
            100.08995953640904
        ],
        [
            78.03204469959762,
            64.35060217278468,
            8.94427190999916,
            7.0710678118654755,
            29.068883707497267,
            81.04936767180853,
            26.40075756488817,
            51.61395160225576,
            31.76476034853718,
            50.0,
            82.76472678623425,
            37.013511046643494,
            70.60453243241541,
            44.94441010848846,
            53.48831648126533,
            69.40461079784254,
            62.289646009589745,
            49.49747468305833,
            32.526911934581186,
            51.35172830587107,
            84.38009243891595,
            56.22277118748239,
            49.57822102496216,
            0.0,
            56.30275304103699,
            93.98404119849285,
            59.665735560705194,
            61.84658438426491,
            19.924858845171276,
            64.8459713474939,
            66.70832032063167,
            56.142675390472796
        ],
        [
            25.238858928247925,
            39.35733730830885,
            58.051701094799974,
            55.31726674375732,
            73.0,
            41.86884283091664,
            32.14031735997639,
            32.526911934581186,
            60.440052945046304,
            63.324560795950255,
            61.35144660071187,
            76.4198926981712,
            38.3275357934736,
            43.56604182158393,
            3.0,
            60.07495318350236,
            29.154759474226502,
            67.08203932499369,
            51.61395160225576,
            67.11929677819934,
            32.89376840679705,
            60.60528029800704,
            59.464274989274024,
            56.30275304103699,
            0.0,
            62.68173577685928,
            20.248456731316587,
            8.06225774829855,
            60.440052945046304,
            41.773197148410844,
            24.08318915758459,
            67.95586803212802
        ],
        [
            75.96051605933177,
            101.87246929372037,
            100.72239075796404,
            97.57561170702441,
            90.08884503644167,
            21.540659228538015,
            83.00602387778854,
            94.81033698917012,
            73.17103251970687,
            58.42088667591412,
            16.15549442140351,
            87.09190547921202,
            99.72963451251589,
            103.96634070698074,
            64.40496875241847,
            32.984845004941285,
            91.4166286842826,
            125.49501982150527,
            65.76473218982953,
            126.0634760745554,
            41.19465984809196,
            121.69634341261039,
            55.14526271584895,
            93.98404119849285,
            62.68173577685928,
            0.0,
            82.49242389456137,
            55.569775957799216,
            83.18653737234169,
            29.154759474226502,
            84.52810183601665,
            128.00390619039717
        ],
        [
            21.095023109728988,
            19.4164878389476,
            58.309518948453004,
            56.30275304103699,
            82.41965784932621,
            61.29437168288782,
            33.301651610693426,
            16.492422502470642,
            72.91776189653656,
            79.62411694957753,
            81.59656855530139,
            87.46427842267951,
            18.24828759089466,
            30.265491900843113,
            19.4164878389476,
            79.63039620647382,
            8.94427190999916,
            54.12947441089743,
            65.19202405202648,
            53.600373133029585,
            48.41487374764082,
            44.77722635447622,
            76.11832893594026,
            59.665735560705194,
            20.248456731316587,
            82.49242389456137,
            0.0,
            26.92582403567252,
            69.63476143421474,
            61.84658438426491,
            7.0710678118654755,
            53.141321022345686
        ],
        [
            25.96150997149434,
            46.32493928760188,
            64.38167441127949,
            61.5223536610881,
            76.02631123499285,
            34.40930106817051,
            39.01281840626232,
            40.36087214122113,
            62.24146527838174,
            62.64982043070834,
            55.54277630799526,
            78.64477096412705,
            44.384682042344295,
            51.62363799656123,
            10.770329614269007,
            56.142675390472796,
            35.84689665786984,
            75.13321502504735,
            53.03772242470448,
            75.17978451685,
            25.0,
            68.60029154456998,
            58.59180830116101,
            61.84658438426491,
            8.06225774829855,
            55.569775957799216,
            26.92582403567252,
            0.0,
            63.812224534175265,
            37.013511046643494,
            29.410882339705484,
            76.00657866263946
        ],
        [
            84.86459803710851,
            78.54934754662193,
            28.792360097775937,
            26.92582403567252,
            12.806248474865697,
            74.24284477308234,
            38.07886552931954,
            65.55150646628954,
            12.727922061357855,
            31.89043743820395,
            69.92138442565336,
            18.681541692269406,
            83.6301381082203,
            61.814237842102365,
            58.137767414994535,
            54.62600113499065,
            74.30343195303969,
            69.2314957226839,
            17.464249196572982,
            71.02112361825881,
            82.54089895318563,
            75.0066663703967,
            32.449961479175904,
            19.924858845171276,
            60.440052945046304,
            83.18653737234169,
            69.63476143421474,
            63.812224534175265,
            0.0,
            55.08175741568164,
            76.60939890117922,
            75.66372975210778
        ],
        [
            62.289646009589745,
            80.32434251209281,
            71.58910531638176,
            68.4470598345904,
            63.387695966961914,
            21.02379604162864,
            55.17245689653489,
            71.11258679024411,
            46.389654018972806,
            35.84689665786984,
            20.808652046684813,
            61.84658438426491,
            80.049984384758,
            78.2368199762746,
            42.44997055358225,
            19.6468827043885,
            70.60453243241541,
            98.3107318658548,
            38.01315561749642,
            99.08582138732059,
            37.8021163428716,
            96.02083107326243,
            31.76476034853718,
            64.8459713474939,
            41.773197148410844,
            29.154759474226502,
            61.84658438426491,
            37.013511046643494,
            55.08175741568164,
            0.0,
            65.76473218982953,
            101.53324578678651
        ],
        [
            16.278820596099706,
            19.4164878389476,
            65.19202405202648,
            63.245553203367585,
            89.40357934669059,
            63.06346010171025,
            40.36087214122113,
            21.02379604162864,
            79.60527620704548,
            85.61541917201598,
            84.8999411071645,
            94.33981132056604,
            15.264337522473747,
            35.014282800023196,
            24.020824298928627,
            84.1486779456457,
            9.486832980505138,
            58.309518948453004,
            71.69379331573968,
            57.55866572463264,
            48.104053883222775,
            47.801673610868484,
            82.0,
            66.70832032063167,
            24.08318915758459,
            84.52810183601665,
            7.0710678118654755,
            29.410882339705484,
            76.60939890117922,
            65.76473218982953,
            0.0,
            56.515484603779164
        ],
        [
            72.78049189171504,
            39.05124837953327,
            48.0,
            49.09175083453431,
            85.0235261559999,
            108.70602559196064,
            47.16990566028302,
            36.76955262170047,
            86.12200647918046,
            101.84301645179212,
            122.28654872879518,
            93.13431161500041,
            47.0,
            24.413111231467408,
            65.45991139621256,
            114.0570032922135,
            47.07440918375928,
            7.615773105863909,
            83.4865258589672,
            5.385164807134504,
            100.23971268913334,
            9.0,
            100.08995953640904,
            56.142675390472796,
            67.95586803212802,
            128.00390619039717,
            53.141321022345686,
            76.00657866263946,
            75.66372975210778,
            101.53324578678651,
            56.515484603779164,
