{
    "customer_1": {
        "coordinates": {
            "x": 36.0,
            "y": 31.0
        },
        "demand": 2.0,
        "due_time": 1000.0,
        "ready_time": 0.0,
        "service_time": 5.0
    },
    "customer_10": {
        "coordinates": {
            "x": 30.0,
            "y": 37.0
        },
        "demand": 2.0,
        "due_time": 1000.0,
        "ready_time": 0.0,
        "service_time": 5.0
    },
    "customer_2": {
        "coordinates": {
            "x": 49.0,
            "y": 18.0
        },
        "demand": 2.0,
        "due_time": 1000.0,
        "ready_time": 0.0,
        "service_time": 5.0
    },
    "customer_3": {
        "coordinates": {
            "x": 47.0,
            "y": 21.0
        },
        "demand": 2.0,
        "due_time": 1000.0,
        "ready_time": 0.0,
        "service_time": 5.0
    },
    "customer_4": {
        "coordinates": {
            "x": 28.0,
            "y": 67.0
        },
        "demand": 5.0,
        "due_time": 1000.0,
        "ready_time": 0.0,
        "service_time": 5.0
    },
    "customer_5": {
        "coordinates": {
            "x": 2.0,
            "y": 81.0
        },
        "demand": 2.0,
        "due_time": 1000.0,
        "ready_time": 0.0,
        "service_time": 5.0
    },
    "customer_6": {
        "coordinates": {
            "x": 86.0,
            "y": 89.0
        },
        "demand": 2.0,
        "due_time": 1000.0,
        "ready_time": 0.0,
        "service_time": 5.0
    },
    "customer_7": {
        "coordinates": {
            "x": 64.0,
            "y": 57.0
        },
        "demand": 2.0,
        "due_time": 1000.0,
        "ready_time": 0.0,
        "service_time": 5.0
    },
    "customer_8": {
        "coordinates": {
            "x": 97.0,
            "y": 66.0
        },
        "demand": 5.0,
        "due_time": 1000.0,
        "ready_time": 0.0,
        "service_time": 5.0
    },
    "customer_9": {
        "coordinates": {
            "x": 15.0,
            "y": 26.0
        },
        "demand": 5.0,
        "due_time": 1000.0,
        "ready_time": 0.0,
        "service_time": 5.0
    },
    "deport": {
        "coordinates": {
            "x": 50.0,
            "y": 50.0
        },
        "demand": 0.0,
        "due_time": 1000.0,
        "ready_time": 0.0,
        "service_time": 5.0
    },
    "distance_matrix": [
        [
            0.0,
            23.600847442411894,
            32.01562118716424,
            29.154759474226502,
            27.80287754891569,
            57.14017850864661,
            53.075418038862395,
            15.652475842498529,
            49.64876634922564,
            42.43819034784589,
            23.853720883753127
        ],
        [
            23.600847442411894,
            0.0,
            18.384776310850235,
            14.866068747318506,
            36.87817782917155,
            60.4648658313239,
            76.57675887630658,
            38.2099463490856,
            70.32780389006896,
            21.587033144922902,
            8.48528137423857
        ],
        [
            32.01562118716424,
            18.384776310850235,
            0.0,
            3.605551275463989,
            53.31041174104736,
            78.60025445251433,
            80.06247560499239,
            41.78516483155236,
            67.88225099390856,
            34.928498393145965,
            26.870057685088806
        ],
        [
            29.154759474226502,
            14.866068747318506,
            3.605551275463989,
            0.0,
            49.76946855251722,
            75.0,
            78.39005038906404,
            39.81205847478876,
            67.26812023536856,
            32.38826948140329,
            23.345235059857504
        ],
        [
            27.80287754891569,
            36.87817782917155,
            53.31041174104736,
            49.76946855251722,
            0.0,
            29.5296461204668,
            62.03224967708329,
            37.36308338453881,
            69.00724599634447,
            43.01162633521314,
            30.066592756745816
        ],
        [
            57.14017850864661,
            60.4648658313239,
            78.60025445251433,
            75.0,
            29.5296461204668,
            0.0,
            84.38009243891595,
            66.48308055437865,
            96.17692030835673,
            56.515484603779164,
            52.153619241621186
        ],
        [
            53.075418038862395,
            76.57675887630658,
            80.06247560499239,
            78.39005038906404,
            62.03224967708329,
            84.38009243891595,
            0.0,
            38.8329756778952,
            25.495097567963924,
            94.92101980067429,
            76.4198926981712
        ],
        [
            15.652475842498529,
            38.2099463490856,
            41.78516483155236,
            39.81205847478876,
            37.36308338453881,
            66.48308055437865,
            38.8329756778952,
            0.0,
            34.20526275297414,
            57.982756057296896,
            39.44616584663204
        ],
        [
            49.64876634922564,
            70.32780389006896,
            67.88225099390856,
            67.26812023536856,
            69.00724599634447,
            96.17692030835673,
            25.495097567963924,
            34.20526275297414,
            0.0,
            91.23595782365635,
            73.00684899377592
        ],
        [
            42.43819034784589,
            21.587033144922902,
            34.928498393145965,
            32.38826948140329,
            43.01162633521314,
            56.515484603779164,
            94.92101980067429,
            57.982756057296896,
            91.23595782365635,
            0.0,
            18.601075237738275
        ],
        [
            23.853720883753127,
            8.48528137423857,
            26.870057685088806,
            23.345235059857504,
            30.066592756745816,
            52.153619241621186,
            76.4198926981712,
            39.44616584663204,
            73.00684899377592,
            18.601075237738275,
            0.0
        ]
    ],
    "instance_name": "P-n10-1",
    "max_vehicle_number": 2,
    "vehicle_capacity": 30.0
}