{
    "customer_1": {
        "coordinates": {
            "x": 12.0,
            "y": 68.0
        },
        "demand": 5.0,
        "due_time": 1000.0,
        "ready_time": 0.0,
        "service_time": 5.0
    },
    "customer_10": {
        "coordinates": {
            "x": 17.0,
            "y": 4.0
        },
        "demand": 5.0,
        "due_time": 1000.0,
        "ready_time": 0.0,
        "service_time": 5.0
    },
    "customer_2": {
        "coordinates": {
            "x": 65.0,
            "y": 81.0
        },
        "demand": 2.0,
        "due_time": 1000.0,
        "ready_time": 0.0,
        "service_time": 5.0
    },
    "customer_3": {
        "coordinates": {
            "x": 94.0,
            "y": 89.0
        },
        "demand": 5.0,
        "due_time": 1000.0,
        "ready_time": 0.0,
        "service_time": 5.0
    },
    "customer_4": {
        "coordinates": {
            "x": 45.0,
            "y": 62.0
        },
        "demand": 2.0,
        "due_time": 1000.0,
        "ready_time": 0.0,
        "service_time": 5.0
    },
    "customer_5": {
        "coordinates": {
            "x": 21.0,
            "y": 93.0
        },
        "demand": 2.0,
        "due_time": 1000.0,
        "ready_time": 0.0,
        "service_time": 5.0
    },
    "customer_6": {
        "coordinates": {
            "x": 17.0,
            "y": 7.0
        },
        "demand": 5.0,
        "due_time": 1000.0,
        "ready_time": 0.0,
        "service_time": 5.0
    },
    "customer_7": {
        "coordinates": {
            "x": 38.0,
            "y": 3.0
        },
        "demand": 5.0,
        "due_time": 1000.0,
        "ready_time": 0.0,
        "service_time": 5.0
    },
    "customer_8": {
        "coordinates": {
            "x": 40.0,
            "y": 48.0
        },
        "demand": 2.0,
        "due_time": 1000.0,
        "ready_time": 0.0,
        "service_time": 5.0
    },
    "customer_9": {
        "coordinates": {
            "x": 47.0,
            "y": 50.0
        },
        "demand": 2.0,
        "due_time": 1000.0,
        "ready_time": 0.0,
        "service_time": 5.0
    },
    "deport": {
        "coordinates": {
            "x": 0.0,
            "y": 0.0
        },
        "demand": 0.0,
        "due_time": 1000.0,
        "ready_time": 0.0,
        "service_time": 5.0
    },
    "distance_matrix": [
        [
            0.0,
            69.05070600652827,
            103.85566907973777,
            129.4488315899375,
            76.60939890117922,
            95.34149149242423,
            18.384776310850235,
            38.118237105091836,
            62.48199740725323,
            68.62215385719105,
            17.464249196572982
        ],
        [
            69.05070600652827,
            0.0,
            54.57105459856901,
            84.64632301523794,
            33.54101966249684,
            26.570660511172843,
            61.204574992397426,
            70.00714249274856,
            34.40930106817051,
            39.35733730830885,
            64.19501538281614
        ],
        [
            103.85566907973777,
            54.57105459856901,
            0.0,
            30.083217912982647,
            27.586228448267445,
            45.60701700396552,
            88.20430828479978,
            82.54089895318563,
            41.400483088968905,
            35.84689665786984,
            90.7358804442873
        ],
        [
            129.4488315899375,
            84.64632301523794,
            30.083217912982647,
            0.0,
            55.94640292279746,
            73.10950690573696,
            112.48555462813881,
            102.62553288534,
            67.80117993073571,
            61.07372593840988,
            114.69088891450794
        ],
        [
            76.60939890117922,
            33.54101966249684,
            27.586228448267445,
            55.94640292279746,
            0.0,
            39.20459156782532,
            61.71709649683789,
            59.413803110051795,
            14.866068747318506,
            12.165525060596439,
            64.40496875241847
        ],
        [
            95.34149149242423,
            26.570660511172843,
            45.60701700396552,
            73.10950690573696,
            39.20459156782532,
            0.0,
            86.09297300012354,
            91.59148432032315,
            48.84669896727925,
            50.24937810560445,
            89.08984229416954
        ],
        [
            18.384776310850235,
            61.204574992397426,
            88.20430828479978,
            112.48555462813881,
            61.71709649683789,
            86.09297300012354,
            0.0,
            21.37755832643195,
            47.01063709417264,
            52.43090691567332,
            3.0
        ],
        [
            38.118237105091836,
            70.00714249274856,
            82.54089895318563,
            102.62553288534,
            59.413803110051795,
            91.59148432032315,
            21.37755832643195,
            0.0,
            45.044422518220834,
            47.853944456021594,
            21.02379604162864
        ],
        [
            62.48199740725323,
            34.40930106817051,
            41.400483088968905,
            67.80117993073571,
            14.866068747318506,
            48.84669896727925,
            47.01063709417264,
            45.044422518220834,
            0.0,
            7.280109889280518,
            49.64876634922564
        ],
        [
            68.62215385719105,
            39.35733730830885,
            35.84689665786984,
            61.07372593840988,
            12.165525060596439,
            50.24937810560445,
            52.43090691567332,
            47.853944456021594,
            7.280109889280518,
            0.0,
            54.91812087098392
        ],
        [
            17.464249196572982,
            64.19501538281614,
            90.7358804442873,
            114.69088891450794,
            64.40496875241847,
            89.08984229416954,
            3.0,
            21.02379604162864,
            49.64876634922564,
            54.91812087098392,
            0.0
        ]
    ],
    "instance_name": "P-n10-8",
    "max_vehicle_number": 2,
    "vehicle_capacity": 30.0
}