{
    "customer_1": {
        "coordinates": {
            "x": 13.0,
            "y": 77.0
        },
        "demand": 5.0,
        "due_time": 1000.0,
        "ready_time": 0.0,
        "service_time": 5.0
    },
    "customer_10": {
        "coordinates": {
            "x": 100.0,
            "y": 10.0
        },
        "demand": 2.0,
        "due_time": 1000.0,
        "ready_time": 0.0,
        "service_time": 5.0
    },
    "customer_11": {
        "coordinates": {
            "x": 91.0,
            "y": 57.0
        },
        "demand": 5.0,
        "due_time": 1000.0,
        "ready_time": 0.0,
        "service_time": 5.0
    },
    "customer_12": {
        "coordinates": {
            "x": 55.0,
            "y": 14.0
        },
        "demand": 5.0,
        "due_time": 1000.0,
        "ready_time": 0.0,
        "service_time": 5.0
    },
    "customer_13": {
        "coordinates": {
            "x": 72.0,
            "y": 71.0
        },
        "demand": 2.0,
        "due_time": 1000.0,
        "ready_time": 0.0,
        "service_time": 5.0
    },
    "customer_14": {
        "coordinates": {
            "x": 12.0,
            "y": 46.0
        },
        "demand": 5.0,
        "due_time": 1000.0,
        "ready_time": 0.0,
        "service_time": 5.0
    },
    "customer_15": {
        "coordinates": {
            "x": 80.0,
            "y": 55.0
        },
        "demand": 2.0,
        "due_time": 1000.0,
        "ready_time": 0.0,
        "service_time": 5.0
    },
    "customer_2": {
        "coordinates": {
            "x": 43.0,
            "y": 81.0
        },
        "demand": 2.0,
        "due_time": 1000.0,
        "ready_time": 0.0,
        "service_time": 5.0
    },
    "customer_3": {
        "coordinates": {
            "x": 53.0,
            "y": 96.0
        },
        "demand": 5.0,
        "due_time": 1000.0,
        "ready_time": 0.0,
        "service_time": 5.0
    },
    "customer_4": {
        "coordinates": {
            "x": 50.0,
            "y": 38.0
        },
        "demand": 5.0,
        "due_time": 1000.0,
        "ready_time": 0.0,
        "service_time": 5.0
    },
    "customer_5": {
        "coordinates": {
            "x": 20.0,
            "y": 55.0
        },
        "demand": 5.0,
        "due_time": 1000.0,
        "ready_time": 0.0,
        "service_time": 5.0
    },
    "customer_6": {
        "coordinates": {
            "x": 10.0,
            "y": 11.0
        },
        "demand": 2.0,
        "due_time": 1000.0,
        "ready_time": 0.0,
        "service_time": 5.0
    },
    "customer_7": {
        "coordinates": {
            "x": 4.0,
            "y": 18.0
        },
        "demand": 2.0,
        "due_time": 1000.0,
        "ready_time": 0.0,
        "service_time": 5.0
    },
    "customer_8": {
        "coordinates": {
            "x": 87.0,
            "y": 55.0
        },
        "demand": 5.0,
        "due_time": 1000.0,
        "ready_time": 0.0,
        "service_time": 5.0
    },
    "customer_9": {
        "coordinates": {
            "x": 76.0,
            "y": 56.0
        },
        "demand": 5.0,
        "due_time": 1000.0,
        "ready_time": 0.0,
        "service_time": 5.0
    },
    "deport": {
        "coordinates": {
            "x": 0.0,
            "y": 0.0
        },
        "demand": 0.0,
        "due_time": 1000.0,
        "ready_time": 0.0,
        "service_time": 5.0
    },
    "distance_matrix": [
        [
            0.0,
            78.08969202141854,
            91.706052144883,
            109.65856099730655,
            62.80127387243033,
            58.52349955359813,
            14.866068747318506,
            18.439088914585774,
            102.9271587094485,
            94.40338976964757,
            100.4987562112089,
            107.37783756436893,
            56.753854494650845,
            101.11874208078342,
            47.53945729601885,
            97.082439194738
        ],
        [
            78.08969202141854,
            0.0,
            30.265491900843113,
            44.28317965096906,
            53.75872022286245,
            23.08679276123039,
            66.06814663663572,
            59.682493245507096,
            77.20103626247513,
            66.40783086353596,
            109.80892495603443,
            80.52328855678958,
            75.71657678474378,
            59.30430001273095,
            31.016124838541646,
            70.51950084905593
        ],
        [
            91.706052144883,
            30.265491900843113,
            0.0,
            18.027756377319946,
            43.56604182158393,
            34.713109915419565,
            77.38862965578342,
            74.09453421137081,
            51.10772935672255,
            41.400483088968905,
            91.0494371207203,
            53.665631459994955,
            68.06614430096654,
            30.675723300355934,
            46.75467891024384,
            45.221676218380054
        ],
        [
            109.65856099730655,
            44.28317965096906,
            18.027756377319946,
            0.0,
            58.077534382926416,
            52.63078946776307,
            95.25754563287887,
            92.11405973031479,
            53.2634959423431,
            46.14108798023731,
            98.00510190801293,
            54.45181356024793,
            82.02438661763951,
            31.400636936215164,
            64.66065264130884,
            49.09175083453431
        ],
        [
            62.80127387243033,
            53.75872022286245,
            43.56604182158393,
            58.077534382926416,
            0.0,
            34.48187929913333,
            48.25971404805462,
            50.15974481593781,
            40.718546143004666,
            31.622776601683793,
            57.30619512757761,
            45.18849411078001,
            24.515301344262525,
            39.66106403010388,
            38.8329756778952,
            34.48187929913333
        ],
        [
            58.52349955359813,
            23.08679276123039,
            34.713109915419565,
            52.63078946776307,
            34.48187929913333,
            0.0,
            45.12205669071391,
            40.311288741492746,
            67.0,
            56.00892785976178,
            91.7877987534291,
            71.02816342831905,
            53.907327887774215,
            54.405882034941776,
            12.041594578792296,
            60.0
        ],
        [
            14.866068747318506,
            66.06814663663572,
            77.38862965578342,
            95.25754563287887,
            48.25971404805462,
            45.12205669071391,
            0.0,
            9.219544457292887,
            88.68483523128404,
            79.88116173416608,
            90.00555538409837,
            93.15041599477696,
            45.09988913511872,
            86.27861844049197,
            35.05709628591621,
            82.68010643437755
        ],
        [
            18.439088914585774,
            59.682493245507096,
            74.09453421137081,
            92.11405973031479,
            50.15974481593781,
            40.311288741492746,
            9.219544457292887,
            0.0,
            90.87353850269065,
            81.41252974819048,
            96.33275663033837,
            95.34149149242423,
            51.15662224971465,
            86.21484790916237,
            29.120439557122072,
            84.52810183601665
        ],
        [
            102.9271587094485,
            77.20103626247513,
            51.10772935672255,
            53.2634959423431,
            40.718546143004666,
            67.0,
            88.68483523128404,
            90.87353850269065,
            0.0,
            11.045361017187261,
            46.84015371452148,
            4.47213595499958,
            52.009614495783374,
            21.93171219946131,
            75.53806987208503,
            7.0
        ],
        [
            94.40338976964757,
            66.40783086353596,
            41.400483088968905,
            46.14108798023731,
            31.622776601683793,
            56.00892785976178,
            79.88116173416608,
            81.41252974819048,
            11.045361017187261,
            0.0,
            51.88448708429139,
            15.033296378372908,
            46.95742752749558,
            15.524174696260024,
            64.77653896280658,
            4.123105625617661
        ],
        [
            100.4987562112089,
            109.80892495603443,
            91.0494371207203,
            98.00510190801293,
            57.30619512757761,
            91.7877987534291,
            90.00555538409837,
            96.33275663033837,
            46.84015371452148,
            51.88448708429139,
            0.0,
            47.853944456021594,
            45.17742799230607,
            67.11929677819934,
            95.0789145920377,
            49.24428900898052
        ],
        [
            107.37783756436893,
            80.52328855678958,
            53.665631459994955,
            54.45181356024793,
            45.18849411078001,
            71.02816342831905,
            93.15041599477696,
            95.34149149242423,
            4.47213595499958,
            15.033296378372908,
            47.853944456021594,
            0.0,
            56.08029957123981,
            23.600847442411894,
            79.76214641043707,
            11.180339887498949
        ],
        [
            56.753854494650845,
            75.71657678474378,
            68.06614430096654,
            82.02438661763951,
            24.515301344262525,
            53.907327887774215,
            45.09988913511872,
            51.15662224971465,
            52.009614495783374,
            46.95742752749558,
            45.17742799230607,
            56.08029957123981,
            0.0,
            59.481089431852205,
            53.600373133029585,
            48.02082881417188
        ],
        [
            101.11874208078342,
            59.30430001273095,
            30.675723300355934,
            31.400636936215164,
            39.66106403010388,
            54.405882034941776,
            86.27861844049197,
            86.21484790916237,
            21.93171219946131,
            15.524174696260024,
            67.11929677819934,
            23.600847442411894,
            59.481089431852205,
            0.0,
            65.0,
            17.88854381999832
        ],
        [
            47.53945729601885,
            31.016124838541646,
            46.75467891024384,
            64.66065264130884,
            38.8329756778952,
            12.041594578792296,
            35.05709628591621,
            29.120439557122072,
            75.53806987208503,
            64.77653896280658,
            95.0789145920377,
            79.76214641043707,
            53.600373133029585,
            65.0,
            0.0,
            68.59300255857006
        ],
        [
            97.082439194738,
            70.51950084905593,
            45.221676218380054,
            49.09175083453431,
            34.48187929913333,
            60.0,
            82.68010643437755,
            84.52810183601665,
            7.0,
            4.123105625617661,
            49.24428900898052,
            11.180339887498949,
            48.02082881417188,
            17.88854381999832,
            68.59300255857006,
            0.0
        ]
    ],
    "instance_name": "P-n15-7",
    "max_vehicle_number": 2,
    "vehicle_capacity": 30.0
}