{
    "customer_1": {
        "coordinates": {
            "x": 35.0,
            "y": 77.0
        },
        "demand": 2.0,
        "due_time": 1000.0,
        "ready_time": 0.0,
        "service_time": 5.0
    },
    "customer_10": {
        "coordinates": {
            "x": 37.0,
            "y": 74.0
        },
        "demand": 5.0,
        "due_time": 1000.0,
        "ready_time": 0.0,
        "service_time": 5.0
    },
    "customer_11": {
        "coordinates": {
            "x": 8.0,
            "y": 30.0
        },
        "demand": 5.0,
        "due_time": 1000.0,
        "ready_time": 0.0,
        "service_time": 5.0
    },
    "customer_12": {
        "coordinates": {
            "x": 40.0,
            "y": 96.0
        },
        "demand": 5.0,
        "due_time": 1000.0,
        "ready_time": 0.0,
        "service_time": 5.0
    },
    "customer_13": {
        "coordinates": {
            "x": 57.0,
            "y": 74.0
        },
        "demand": 2.0,
        "due_time": 1000.0,
        "ready_time": 0.0,
        "service_time": 5.0
    },
    "customer_14": {
        "coordinates": {
            "x": 51.0,
            "y": 73.0
        },
        "demand": 2.0,
        "due_time": 1000.0,
        "ready_time": 0.0,
        "service_time": 5.0
    },
    "customer_15": {
        "coordinates": {
            "x": 38.0,
            "y": 33.0
        },
        "demand": 2.0,
        "due_time": 1000.0,
        "ready_time": 0.0,
        "service_time": 5.0
    },
    "customer_2": {
        "coordinates": {
            "x": 47.0,
            "y": 4.0
        },
        "demand": 2.0,
        "due_time": 1000.0,
        "ready_time": 0.0,
        "service_time": 5.0
    },
    "customer_3": {
        "coordinates": {
            "x": 42.0,
            "y": 82.0
        },
        "demand": 2.0,
        "due_time": 1000.0,
        "ready_time": 0.0,
        "service_time": 5.0
    },
    "customer_4": {
        "coordinates": {
            "x": 4.0,
            "y": 96.0
        },
        "demand": 5.0,
        "due_time": 1000.0,
        "ready_time": 0.0,
        "service_time": 5.0
    },
    "customer_5": {
        "coordinates": {
            "x": 95.0,
            "y": 43.0
        },
        "demand": 2.0,
        "due_time": 1000.0,
        "ready_time": 0.0,
        "service_time": 5.0
    },
    "customer_6": {
        "coordinates": {
            "x": 39.0,
            "y": 78.0
        },
        "demand": 5.0,
        "due_time": 1000.0,
        "ready_time": 0.0,
        "service_time": 5.0
    },
    "customer_7": {
        "coordinates": {
            "x": 99.0,
            "y": 76.0
        },
        "demand": 5.0,
        "due_time": 1000.0,
        "ready_time": 0.0,
        "service_time": 5.0
    },
    "customer_8": {
        "coordinates": {
            "x": 27.0,
            "y": 91.0
        },
        "demand": 2.0,
        "due_time": 1000.0,
        "ready_time": 0.0,
        "service_time": 5.0
    },
    "customer_9": {
        "coordinates": {
            "x": 62.0,
            "y": 92.0
        },
        "demand": 5.0,
        "due_time": 1000.0,
        "ready_time": 0.0,
        "service_time": 5.0
    },
    "deport": {
        "coordinates": {
            "x": 0.0,
            "y": 0.0
        },
        "demand": 0.0,
        "due_time": 1000.0,
        "ready_time": 0.0,
        "service_time": 5.0
    },
    "distance_matrix": [
        [
            0.0,
            84.581321815162,
            47.16990566028302,
            92.13034245024816,
            96.08329719571451,
            104.27847332982968,
            87.20665112249179,
            124.80785231707178,
            94.92101980067429,
            110.9414259868693,
            82.73451516749222,
            31.04834939252005,
            104.0,
            93.40770846134703,
            89.05054744357274,
            50.32891812864648
        ],
        [
            84.581321815162,
            0.0,
            73.97972695272672,
            8.602325267042627,
            36.359317925395686,
            68.96375859826666,
            4.123105625617661,
            64.00781202322104,
            16.1245154965971,
            30.886890422961002,
            3.605551275463989,
            54.20332093147061,
            19.6468827043885,
            22.20360331117452,
            16.492422502470642,
            44.10215414239989
        ],
        [
            47.16990566028302,
            73.97972695272672,
            0.0,
            78.16009211867653,
            101.55294185792945,
            61.84658438426491,
            74.43117626371358,
            88.81441324469807,
            89.26925562588724,
            89.26925562588724,
            70.71067811865476,
            46.87216658103186,
            92.26592003551474,
            70.71067811865476,
            69.1158447825099,
            30.364452901377952
        ],
        [
            92.13034245024816,
            8.602325267042627,
            78.16009211867653,
            0.0,
            40.496913462633174,
            65.80273550544841,
            5.0,
            57.3149195236284,
            17.4928556845359,
            22.360679774997898,
            9.433981132056603,
            62.12889826803627,
            14.142135623730951,
            17.0,
            12.727922061357855,
            49.16299421312742
        ],
        [
            96.08329719571451,
            36.359317925395686,
            101.55294185792945,
            40.496913462633174,
            0.0,
            105.30906893520614,
            39.35733730830885,
            97.082439194738,
            23.53720459187964,
            58.137767414994535,
            39.66106403010388,
            66.12110101926616,
            36.0,
            57.38466694161429,
            52.32590180780452,
            71.58910531638176
        ],
        [
            104.27847332982968,
            68.96375859826666,
            61.84658438426491,
            65.80273550544841,
            105.30906893520614,
            0.0,
            66.03786792439622,
            33.24154027718932,
            83.23460818673925,
            59.07622195096772,
            65.76473218982953,
            87.96590248499699,
            76.38062581571324,
            49.040799340956916,
            53.25410782277739,
            57.87054518492115
        ],
        [
            87.20665112249179,
            4.123105625617661,
            74.43117626371358,
            5.0,
            39.35733730830885,
            66.03786792439622,
            0.0,
            60.03332407921454,
            17.69180601295413,
            26.92582403567252,
            4.47213595499958,
            57.14017850864661,
            18.027756377319946,
            18.439088914585774,
            13.0,
            45.0111097397076
        ],
        [
            124.80785231707178,
            64.00781202322104,
            88.81441324469807,
            57.3149195236284,
            97.082439194738,
            33.24154027718932,
            60.03332407921454,
            0.0,
            73.54590403278758,
            40.311288741492746,
            62.03224967708329,
            101.96568050084302,
            62.297672508690084,
            42.04759208325728,
            48.093658625644196,
            74.63243262818116
        ],
        [
            94.92101980067429,
            16.1245154965971,
            89.26925562588724,
            17.4928556845359,
            23.53720459187964,
            83.23460818673925,
            17.69180601295413,
            73.54590403278758,
            0.0,
            35.014282800023196,
            19.72308292331602,
            63.89053137985315,
            13.92838827718412,
            34.48187929913333,
            30.0,
            59.033888572581766
        ],
        [
            110.9414259868693,
            30.886890422961002,
            89.26925562588724,
            22.360679774997898,
            58.137767414994535,
            59.07622195096772,
            26.92582403567252,
            40.311288741492746,
            35.014282800023196,
            0.0,
            30.805843601498726,
            82.21921916437786,
            22.360679774997898,
            18.681541692269406,
            21.95449840010015,
            63.694583757176716
        ],
        [
            82.73451516749222,
            3.605551275463989,
            70.71067811865476,
            9.433981132056603,
            39.66106403010388,
            65.76473218982953,
            4.47213595499958,
            62.03224967708329,
            19.72308292331602,
            30.805843601498726,
            0.0,
            52.69724850502159,
            22.20360331117452,
            20.0,
            14.035668847618199,
            41.012193308819754
        ],
        [
            31.04834939252005,
            54.20332093147061,
            46.87216658103186,
            62.12889826803627,
            66.12110101926616,
            87.96590248499699,
            57.14017850864661,
            101.96568050084302,
            63.89053137985315,
            82.21921916437786,
            52.69724850502159,
            0.0,
            73.348483283569,
            65.85590330410783,
            60.81118318204309,
            30.14962686336267
        ],
        [
            104.0,
            19.6468827043885,
            92.26592003551474,
            14.142135623730951,
            36.0,
            76.38062581571324,
            18.027756377319946,
            62.297672508690084,
            13.92838827718412,
            22.360679774997898,
            22.20360331117452,
            73.348483283569,
            0.0,
            27.80287754891569,
            25.495097567963924,
            63.0317380372777
        ],
        [
            93.40770846134703,
            22.20360331117452,
            70.71067811865476,
            17.0,
            57.38466694161429,
            49.040799340956916,
            18.439088914585774,
            42.04759208325728,
            34.48187929913333,
            18.681541692269406,
            20.0,
            65.85590330410783,
            27.80287754891569,
            0.0,
            6.082762530298219,
            45.18849411078001
        ],
        [
            89.05054744357274,
            16.492422502470642,
            69.1158447825099,
            12.727922061357855,
            52.32590180780452,
            53.25410782277739,
            13.0,
            48.093658625644196,
            30.0,
            21.95449840010015,
            14.035668847618199,
            60.81118318204309,
            25.495097567963924,
            6.082762530298219,
            0.0,
            42.05948168962618
        ],
        [
            50.32891812864648,
            44.10215414239989,
            30.364452901377952,
            49.16299421312742,
            71.58910531638176,
            57.87054518492115,
            45.0111097397076,
            74.63243262818116,
            59.033888572581766,
            63.694583757176716,
            41.012193308819754,
            30.14962686336267,
            63.0317380372777,
            45.18849411078001,
            42.05948168962618,
            0.0
        ]
    ],
    "instance_name": "P-n15-3",
    "max_vehicle_number": 2,
    "vehicle_capacity": 30.0
}