{
    "customer_1": {
        "coordinates": {
            "x": 98.0,
            "y": 30.0
        },
        "demand": 2.0,
        "due_time": 1000.0,
        "ready_time": 0.0,
        "service_time": 5.0
    },
    "customer_10": {
        "coordinates": {
            "x": 5.0,
            "y": 11.0
        },
        "demand": 5.0,
        "due_time": 1000.0,
        "ready_time": 0.0,
        "service_time": 5.0
    },
    "customer_11": {
        "coordinates": {
            "x": 90.0,
            "y": 45.0
        },
        "demand": 5.0,
        "due_time": 1000.0,
        "ready_time": 0.0,
        "service_time": 5.0
    },
    "customer_12": {
        "coordinates": {
            "x": 3.0,
            "y": 72.0
        },
        "demand": 2.0,
        "due_time": 1000.0,
        "ready_time": 0.0,
        "service_time": 5.0
    },
    "customer_13": {
        "coordinates": {
            "x": 85.0,
            "y": 53.0
        },
        "demand": 2.0,
        "due_time": 1000.0,
        "ready_time": 0.0,
        "service_time": 5.0
    },
    "customer_14": {
        "coordinates": {
            "x": 43.0,
            "y": 54.0
        },
        "demand": 5.0,
        "due_time": 1000.0,
        "ready_time": 0.0,
        "service_time": 5.0
    },
    "customer_15": {
        "coordinates": {
            "x": 11.0,
            "y": 92.0
        },
        "demand": 5.0,
        "due_time": 1000.0,
        "ready_time": 0.0,
        "service_time": 5.0
    },
    "customer_2": {
        "coordinates": {
            "x": 46.0,
            "y": 45.0
        },
        "demand": 2.0,
        "due_time": 1000.0,
        "ready_time": 0.0,
        "service_time": 5.0
    },
    "customer_3": {
        "coordinates": {
            "x": 15.0,
            "y": 61.0
        },
        "demand": 5.0,
        "due_time": 1000.0,
        "ready_time": 0.0,
        "service_time": 5.0
    },
    "customer_4": {
        "coordinates": {
            "x": 46.0,
            "y": 92.0
        },
        "demand": 2.0,
        "due_time": 1000.0,
        "ready_time": 0.0,
        "service_time": 5.0
    },
    "customer_5": {
        "coordinates": {
            "x": 58.0,
            "y": 86.0
        },
        "demand": 2.0,
        "due_time": 1000.0,
        "ready_time": 0.0,
        "service_time": 5.0
    },
    "customer_6": {
        "coordinates": {
            "x": 81.0,
            "y": 35.0
        },
        "demand": 2.0,
        "due_time": 1000.0,
        "ready_time": 0.0,
        "service_time": 5.0
    },
    "customer_7": {
        "coordinates": {
            "x": 1.0,
            "y": 80.0
        },
        "demand": 2.0,
        "due_time": 1000.0,
        "ready_time": 0.0,
        "service_time": 5.0
    },
    "customer_8": {
        "coordinates": {
            "x": 27.0,
            "y": 76.0
        },
        "demand": 5.0,
        "due_time": 1000.0,
        "ready_time": 0.0,
        "service_time": 5.0
    },
    "customer_9": {
        "coordinates": {
            "x": 8.0,
            "y": 63.0
        },
        "demand": 5.0,
        "due_time": 1000.0,
        "ready_time": 0.0,
        "service_time": 5.0
    },
    "deport": {
        "coordinates": {
            "x": 0.0,
            "y": 0.0
        },
        "demand": 0.0,
        "due_time": 1000.0,
        "ready_time": 0.0,
        "service_time": 5.0
    },
    "distance_matrix": [
        [
            0.0,
            102.48902380255166,
            64.35060217278468,
            62.81719509815764,
            102.85912696499032,
            103.73041983911952,
            88.23831367382311,
            80.00624975587844,
            80.65358020571685,
            63.50590523722971,
            12.083045973594572,
            100.62305898749054,
            72.06247289678588,
            100.16985574512924,
            69.02897942168927,
            92.65527507918802
        ],
        [
            102.48902380255166,
            0.0,
            54.120236510939236,
            88.60022573334675,
            80.91971329657564,
            68.81860213634101,
            17.72004514666935,
            109.12836478203089,
            84.59905436823747,
            95.85927185202274,
            94.92101980067429,
            17.0,
            103.87011119662866,
            26.419689627245813,
            60.00833275470999,
            106.83164325236227
        ],
        [
            64.35060217278468,
            54.120236510939236,
            0.0,
            34.88552708502482,
            47.0,
            42.720018726587654,
            36.40054944640259,
            57.0087712549569,
            36.359317925395686,
            42.04759208325728,
            53.2634959423431,
            44.0,
            50.774009099144415,
            39.81205847478876,
            9.486832980505138,
            58.60034129593445
        ],
        [
            62.81719509815764,
            88.60022573334675,
            34.88552708502482,
            0.0,
            43.840620433565945,
            49.73932046178355,
            70.9365914038728,
            23.600847442411894,
            19.209372712298546,
            7.280109889280518,
            50.99019513592785,
            76.68767828015137,
            16.278820596099706,
            70.45565981523414,
            28.861739379323623,
            31.25699921617557
        ],
        [
            102.85912696499032,
            80.91971329657564,
            47.0,
            43.840620433565945,
            0.0,
            13.416407864998739,
            66.88796603276258,
            46.57252408878007,
            24.839484696748443,
            47.801673610868484,
            90.78546139112804,
            64.38167441127949,
            47.4236228055175,
            55.154328932550705,
            38.118237105091836,
            35.0
        ],
        [
            103.73041983911952,
            68.81860213634101,
            42.720018726587654,
            49.73932046178355,
            13.416407864998739,
            0.0,
            55.94640292279746,
            57.3149195236284,
            32.57299494980466,
            55.036351623268054,
            91.83681179135085,
            52.009614495783374,
            56.753854494650845,
            42.638011210655684,
            35.34119409414458,
            47.38143096192854
        ],
        [
            88.23831367382311,
            17.72004514666935,
            36.40054944640259,
            70.9365914038728,
            66.88796603276258,
            55.94640292279746,
            0.0,
            91.7877987534291,
            67.80117993073571,
            78.18567643756751,
            79.6994353806851,
            13.45362404707371,
            86.33075929238663,
            18.439088914585774,
            42.485291572496,
            90.27181176868004
        ],
        [
            80.00624975587844,
            109.12836478203089,
            57.0087712549569,
            23.600847442411894,
            46.57252408878007,
            57.3149195236284,
            91.7877987534291,
            0.0,
            26.30589287593181,
            18.384776310850235,
            69.1158447825099,
            95.63472172804185,
            8.246211251235321,
            88.23264701911646,
            49.39635614091387,
            15.620499351813308
        ],
        [
            80.65358020571685,
            84.59905436823747,
            36.359317925395686,
            19.209372712298546,
            24.839484696748443,
            32.57299494980466,
            67.80117993073571,
            26.30589287593181,
            0.0,
            23.021728866442675,
            68.62215385719105,
            70.21395872616783,
            24.331050121192877,
            62.39390995922599,
            27.202941017470888,
            22.627416997969522
        ],
        [
            63.50590523722971,
            95.85927185202274,
            42.04759208325728,
            7.280109889280518,
            47.801673610868484,
            55.036351623268054,
            78.18567643756751,
            18.384776310850235,
            23.021728866442675,
            0.0,
            52.08646657242167,
            83.95236744726142,
            10.295630140987,
            77.64663547121665,
            36.138621999185304,
            29.154759474226502
        ],
        [
            12.083045973594572,
            94.92101980067429,
            53.2634959423431,
            50.99019513592785,
            90.78546139112804,
            91.83681179135085,
            79.6994353806851,
            69.1158447825099,
            68.62215385719105,
            52.08646657242167,
            0.0,
            91.54780172128658,
            61.032778078668514,
            90.35485598461214,
            57.38466694161429,
            81.2219182240853
        ],
        [
            100.62305898749054,
            17.0,
            44.0,
            76.68767828015137,
            64.38167441127949,
            52.009614495783374,
            13.45362404707371,
            95.63472172804185,
            70.21395872616783,
            83.95236744726142,
            91.54780172128658,
            0.0,
            91.09335870413386,
            9.433981132056603,
            47.853944456021594,
            91.92388155425118
        ],
        [
            72.06247289678588,
            103.87011119662866,
            50.774009099144415,
            16.278820596099706,
            47.4236228055175,
            56.753854494650845,
            86.33075929238663,
            8.246211251235321,
            24.331050121192877,
            10.295630140987,
            61.032778078668514,
            91.09335870413386,
            0.0,
            84.17244204607587,
            43.86342439892262,
            21.540659228538015
        ],
        [
            100.16985574512924,
            26.419689627245813,
            39.81205847478876,
            70.45565981523414,
            55.154328932550705,
            42.638011210655684,
            18.439088914585774,
            88.23264701911646,
            62.39390995922599,
            77.64663547121665,
            90.35485598461214,
            9.433981132056603,
            84.17244204607587,
            0.0,
            42.01190307520001,
            83.64807230295268
        ],
        [
            69.02897942168927,
            60.00833275470999,
            9.486832980505138,
            28.861739379323623,
            38.118237105091836,
            35.34119409414458,
            42.485291572496,
            49.39635614091387,
            27.202941017470888,
            36.138621999185304,
            57.38466694161429,
            47.853944456021594,
            43.86342439892262,
            42.01190307520001,
            0.0,
            49.678969393496885
        ],
        [
            92.65527507918802,
            106.83164325236227,
            58.60034129593445,
            31.25699921617557,
            35.0,
            47.38143096192854,
            90.27181176868004,
            15.620499351813308,
            22.627416997969522,
            29.154759474226502,
            81.2219182240853,
            91.92388155425118,
            21.540659228538015,
            83.64807230295268,
            49.678969393496885,
            0.0
        ]
    ],
    "instance_name": "P-n15-6",
    "max_vehicle_number": 2,
    "vehicle_capacity": 30.0
}