{
    "customer_1": {
        "coordinates": {
            "x": 6.0,
            "y": 2.0
        },
        "demand": 2.0,
        "due_time": 1000.0,
        "ready_time": 0.0,
        "service_time": 5.0
    },
    "customer_10": {
        "coordinates": {
            "x": 14.0,
            "y": 34.0
        },
        "demand": 5.0,
        "due_time": 1000.0,
        "ready_time": 0.0,
        "service_time": 5.0
    },
    "customer_2": {
        "coordinates": {
            "x": 13.0,
            "y": 21.0
        },
        "demand": 2.0,
        "due_time": 1000.0,
        "ready_time": 0.0,
        "service_time": 5.0
    },
    "customer_3": {
        "coordinates": {
            "x": 65.0,
            "y": 5.0
        },
        "demand": 5.0,
        "due_time": 1000.0,
        "ready_time": 0.0,
        "service_time": 5.0
    },
    "customer_4": {
        "coordinates": {
            "x": 64.0,
            "y": 26.0
        },
        "demand": 2.0,
        "due_time": 1000.0,
        "ready_time": 0.0,
        "service_time": 5.0
    },
    "customer_5": {
        "coordinates": {
            "x": 98.0,
            "y": 98.0
        },
        "demand": 5.0,
        "due_time": 1000.0,
        "ready_time": 0.0,
        "service_time": 5.0
    },
    "customer_6": {
        "coordinates": {
            "x": 43.0,
            "y": 41.0
        },
        "demand": 5.0,
        "due_time": 1000.0,
        "ready_time": 0.0,
        "service_time": 5.0
    },
    "customer_7": {
        "coordinates": {
            "x": 99.0,
            "y": 47.0
        },
        "demand": 5.0,
        "due_time": 1000.0,
        "ready_time": 0.0,
        "service_time": 5.0
    },
    "customer_8": {
        "coordinates": {
            "x": 29.0,
            "y": 11.0
        },
        "demand": 2.0,
        "due_time": 1000.0,
        "ready_time": 0.0,
        "service_time": 5.0
    },
    "customer_9": {
        "coordinates": {
            "x": 23.0,
            "y": 75.0
        },
        "demand": 2.0,
        "due_time": 1000.0,
        "ready_time": 0.0,
        "service_time": 5.0
    },
    "deport": {
        "coordinates": {
            "x": 50.0,
            "y": 50.0
        },
        "demand": 0.0,
        "due_time": 1000.0,
        "ready_time": 0.0,
        "service_time": 5.0
    },
    "distance_matrix": [
        [
            0.0,
            65.11528238439882,
            47.01063709417264,
            47.43416490252569,
            27.784887978899608,
            67.88225099390856,
            11.40175425099138,
            49.09175083453431,
            44.294469180700204,
            36.796738985948195,
            39.395431207184416
        ],
        [
            65.11528238439882,
            0.0,
            20.248456731316587,
            59.07622195096772,
            62.76941930590086,
            132.9661611087573,
            53.75872022286245,
            103.31505214633539,
            24.698178070456937,
            74.95331880577403,
            32.984845004941285
        ],
        [
            47.01063709417264,
            20.248456731316587,
            0.0,
            54.405882034941776,
            51.24451190127583,
            114.69088891450794,
            36.05551275463989,
            89.8443097808648,
            18.867962264113206,
            54.91812087098392,
            13.038404810405297
        ],
        [
            47.43416490252569,
            59.07622195096772,
            54.405882034941776,
            0.0,
            21.02379604162864,
            98.68130522039117,
            42.190046219457976,
            54.037024344425184,
            36.49657518178932,
            81.63332652783421,
            58.66856057549052
        ],
        [
            27.784887978899608,
            62.76941930590086,
            51.24451190127583,
            21.02379604162864,
            0.0,
            79.62411694957753,
            25.80697580112788,
            40.81666326391711,
            38.07886552931954,
            63.89053137985315,
            50.635955604688654
        ],
        [
            67.88225099390856,
            132.9661611087573,
            114.69088891450794,
            98.68130522039117,
            79.62411694957753,
            0.0,
            79.20858539325141,
            51.0098029794274,
            111.04053313993049,
            78.44743462982075,
            105.60303025955268
        ],
        [
            11.40175425099138,
            53.75872022286245,
            36.05551275463989,
            42.190046219457976,
            25.80697580112788,
            79.20858539325141,
            0.0,
            56.32051136131489,
            33.1058907144937,
            39.44616584663204,
            29.832867780352597
        ],
        [
            49.09175083453431,
            103.31505214633539,
            89.8443097808648,
            54.037024344425184,
            40.81666326391711,
            51.0098029794274,
            56.32051136131489,
            0.0,
            78.7146746166177,
            80.99382692526635,
            85.98837130682264
        ],
        [
            44.294469180700204,
            24.698178070456937,
            18.867962264113206,
            36.49657518178932,
            38.07886552931954,
            111.04053313993049,
            33.1058907144937,
            78.7146746166177,
            0.0,
            64.28063471995279,
            27.45906043549196
        ],
        [
            36.796738985948195,
            74.95331880577403,
            54.91812087098392,
            81.63332652783421,
            63.89053137985315,
            78.44743462982075,
            39.44616584663204,
            80.99382692526635,
            64.28063471995279,
            0.0,
            41.97618372363071
        ],
        [
            39.395431207184416,
            32.984845004941285,
            13.038404810405297,
            58.66856057549052,
            50.635955604688654,
            105.60303025955268,
            29.832867780352597,
            85.98837130682264,
            27.45906043549196,
            41.97618372363071,
            0.0
        ]
    ],
    "instance_name": "P-n10-9",
    "max_vehicle_number": 2,
    "vehicle_capacity": 30.0
}