{
    "customer_1": {
        "coordinates": {
            "x": 3.0,
            "y": 18.0
        },
        "demand": 2.0,
        "due_time": 1000.0,
        "ready_time": 0.0,
        "service_time": 5.0
    },
    "customer_10": {
        "coordinates": {
            "x": 3.0,
            "y": 51.0
        },
        "demand": 5.0,
        "due_time": 1000.0,
        "ready_time": 0.0,
        "service_time": 5.0
    },
    "customer_2": {
        "coordinates": {
            "x": 59.0,
            "y": 33.0
        },
        "demand": 5.0,
        "due_time": 1000.0,
        "ready_time": 0.0,
        "service_time": 5.0
    },
    "customer_3": {
        "coordinates": {
            "x": 16.0,
            "y": 66.0
        },
        "demand": 5.0,
        "due_time": 1000.0,
        "ready_time": 0.0,
        "service_time": 5.0
    },
    "customer_4": {
        "coordinates": {
            "x": 29.0,
            "y": 98.0
        },
        "demand": 2.0,
        "due_time": 1000.0,
        "ready_time": 0.0,
        "service_time": 5.0
    },
    "customer_5": {
        "coordinates": {
            "x": 100.0,
            "y": 99.0
        },
        "demand": 5.0,
        "due_time": 1000.0,
        "ready_time": 0.0,
        "service_time": 5.0
    },
    "customer_6": {
        "coordinates": {
            "x": 42.0,
            "y": 81.0
        },
        "demand": 5.0,
        "due_time": 1000.0,
        "ready_time": 0.0,
        "service_time": 5.0
    },
    "customer_7": {
        "coordinates": {
            "x": 36.0,
            "y": 77.0
        },
        "demand": 2.0,
        "due_time": 1000.0,
        "ready_time": 0.0,
        "service_time": 5.0
    },
    "customer_8": {
        "coordinates": {
            "x": 25.0,
            "y": 89.0
        },
        "demand": 5.0,
        "due_time": 1000.0,
        "ready_time": 0.0,
        "service_time": 5.0
    },
    "customer_9": {
        "coordinates": {
            "x": 76.0,
            "y": 7.0
        },
        "demand": 2.0,
        "due_time": 1000.0,
        "ready_time": 0.0,
        "service_time": 5.0
    },
    "deport": {
        "coordinates": {
            "x": 0.0,
            "y": 0.0
        },
        "demand": 0.0,
        "due_time": 1000.0,
        "ready_time": 0.0,
        "service_time": 5.0
    },
    "distance_matrix": [
        [
            0.0,
            18.24828759089466,
            67.60177512462228,
            67.91170738539859,
            102.20078277586722,
            140.71602609511115,
            91.2414379544733,
            85.0,
            92.44457799135652,
            76.32168761236873,
            51.088159097779204
        ],
        [
            18.24828759089466,
            0.0,
            57.97413216254298,
            49.72926703662542,
            84.11896337925236,
            126.37246535539299,
            74.09453421137081,
            67.60177512462228,
            74.33034373659252,
            73.824115301167,
            33.0
        ],
        [
            67.60177512462228,
            57.97413216254298,
            0.0,
            54.20332093147061,
            71.58910531638176,
            77.69813382572326,
            50.92150822589606,
            49.64876634922564,
            65.5133574166368,
            31.064449134018133,
            58.82176467941097
        ],
        [
            67.91170738539859,
            49.72926703662542,
            54.20332093147061,
            0.0,
            34.539832078341085,
            90.24965373894794,
            30.01666203960727,
            22.825424421026653,
            24.698178070456937,
            84.1486779456457,
            19.849433241279208
        ],
        [
            102.20078277586722,
            84.11896337925236,
            71.58910531638176,
            34.539832078341085,
            0.0,
            71.00704190430693,
            21.400934559032695,
            22.135943621178654,
            9.848857801796104,
            102.42070103255494,
            53.71219600798314
        ],
        [
            140.71602609511115,
            126.37246535539299,
            77.69813382572326,
            90.24965373894794,
            71.00704190430693,
            0.0,
            60.728905802755904,
            67.67569726275453,
            75.66372975210778,
            95.0789145920377,
            108.2266141020775
        ],
        [
            91.2414379544733,
            74.09453421137081,
            50.92150822589606,
            30.01666203960727,
            21.400934559032695,
            60.728905802755904,
            0.0,
            7.211102550927978,
            18.788294228055936,
            81.43709228600933,
            49.20365840057018
        ],
        [
            85.0,
            67.60177512462228,
            49.64876634922564,
            22.825424421026653,
            22.135943621178654,
            67.67569726275453,
            7.211102550927978,
            0.0,
            16.278820596099706,
            80.62257748298549,
            42.01190307520001
        ],
        [
            92.44457799135652,
            74.33034373659252,
            65.5133574166368,
            24.698178070456937,
            9.848857801796104,
            75.66372975210778,
            18.788294228055936,
            16.278820596099706,
            0.0,
            96.56603957913983,
            43.9089968002003
        ],
        [
            76.32168761236873,
            73.824115301167,
            31.064449134018133,
            84.1486779456457,
            102.42070103255494,
            95.0789145920377,
            81.43709228600933,
            80.62257748298549,
            96.56603957913983,
            0.0,
            85.23496934944014
        ],
        [
            51.088159097779204,
            33.0,
            58.82176467941097,
            19.849433241279208,
            53.71219600798314,
            108.2266141020775,
            49.20365840057018,
            42.01190307520001,
            43.9089968002003,
            85.23496934944014,
            0.0
        ]
    ],
    "instance_name": "P-n10-5",
    "max_vehicle_number": 2,
    "vehicle_capacity": 30.0
}