{
    "customer_1": {
        "coordinates": {
            "x": 97.0,
            "y": 8.0
        },
        "demand": 5.0,
        "due_time": 1000.0,
        "ready_time": 0.0,
        "service_time": 5.0
    },
    "customer_10": {
        "coordinates": {
            "x": 57.0,
            "y": 57.0
        },
        "demand": 2.0,
        "due_time": 1000.0,
        "ready_time": 0.0,
        "service_time": 5.0
    },
    "customer_11": {
        "coordinates": {
            "x": 11.0,
            "y": 89.0
        },
        "demand": 2.0,
        "due_time": 1000.0,
        "ready_time": 0.0,
        "service_time": 5.0
    },
    "customer_12": {
        "coordinates": {
            "x": 67.0,
            "y": 54.0
        },
        "demand": 5.0,
        "due_time": 1000.0,
        "ready_time": 0.0,
        "service_time": 5.0
    },
    "customer_13": {
        "coordinates": {
            "x": 44.0,
            "y": 71.0
        },
        "demand": 2.0,
        "due_time": 1000.0,
        "ready_time": 0.0,
        "service_time": 5.0
    },
    "customer_14": {
        "coordinates": {
            "x": 37.0,
            "y": 19.0
        },
        "demand": 5.0,
        "due_time": 1000.0,
        "ready_time": 0.0,
        "service_time": 5.0
    },
    "customer_15": {
        "coordinates": {
            "x": 51.0,
            "y": 33.0
        },
        "demand": 5.0,
        "due_time": 1000.0,
        "ready_time": 0.0,
        "service_time": 5.0
    },
    "customer_2": {
        "coordinates": {
            "x": 14.0,
            "y": 47.0
        },
        "demand": 2.0,
        "due_time": 1000.0,
        "ready_time": 0.0,
        "service_time": 5.0
    },
    "customer_3": {
        "coordinates": {
            "x": 33.0,
            "y": 66.0
        },
        "demand": 5.0,
        "due_time": 1000.0,
        "ready_time": 0.0,
        "service_time": 5.0
    },
    "customer_4": {
        "coordinates": {
            "x": 38.0,
            "y": 28.0
        },
        "demand": 5.0,
        "due_time": 1000.0,
        "ready_time": 0.0,
        "service_time": 5.0
    },
    "customer_5": {
        "coordinates": {
            "x": 50.0,
            "y": 94.0
        },
        "demand": 5.0,
        "due_time": 1000.0,
        "ready_time": 0.0,
        "service_time": 5.0
    },
    "customer_6": {
        "coordinates": {
            "x": 38.0,
            "y": 97.0
        },
        "demand": 2.0,
        "due_time": 1000.0,
        "ready_time": 0.0,
        "service_time": 5.0
    },
    "customer_7": {
        "coordinates": {
            "x": 87.0,
            "y": 64.0
        },
        "demand": 2.0,
        "due_time": 1000.0,
        "ready_time": 0.0,
        "service_time": 5.0
    },
    "customer_8": {
        "coordinates": {
            "x": 16.0,
            "y": 62.0
        },
        "demand": 2.0,
        "due_time": 1000.0,
        "ready_time": 0.0,
        "service_time": 5.0
    },
    "customer_9": {
        "coordinates": {
            "x": 50.0,
            "y": 39.0
        },
        "demand": 2.0,
        "due_time": 1000.0,
        "ready_time": 0.0,
        "service_time": 5.0
    },
    "deport": {
        "coordinates": {
            "x": 50.0,
            "y": 50.0
        },
        "demand": 0.0,
        "due_time": 1000.0,
        "ready_time": 0.0,
        "service_time": 5.0
    },
    "distance_matrix": [
        [
            0.0,
            63.0317380372777,
            36.124783736376884,
            23.345235059857504,
            25.059928172283335,
            44.0,
            48.507731342539614,
            39.56008088970496,
            36.05551275463989,
            11.0,
            9.899494936611665,
            55.154328932550705,
            17.464249196572982,
            21.840329667841555,
            33.61547262794322,
            17.029386365926403
        ],
        [
            63.0317380372777,
            0.0,
            91.706052144883,
            86.37129152675674,
            62.297672508690084,
            98.00510190801293,
            106.78014796768171,
            56.88585061331157,
            97.3498844375277,
            56.30275304103699,
            63.25345840347388,
            118.1397477566293,
            54.91812087098392,
            82.3286098510111,
            61.0,
            52.354560450833695
        ],
        [
            36.124783736376884,
            91.706052144883,
            0.0,
            26.870057685088806,
            30.610455730027933,
            59.20304046246274,
            55.46169849544819,
            74.95331880577403,
            15.132745950421556,
            36.87817782917155,
            44.14748010928823,
            42.1070065428546,
            53.46026561849464,
            38.41874542459709,
            36.235341863986875,
            39.56008088970496
        ],
        [
            23.345235059857504,
            86.37129152675674,
            26.870057685088806,
            0.0,
            38.3275357934736,
            32.7566787083184,
            31.400636936215164,
            54.037024344425184,
            17.464249196572982,
            31.906112267087632,
            25.632011235952593,
            31.827660925679098,
            36.05551275463989,
            12.083045973594572,
            47.16990566028302,
            37.589892258425
        ],
        [
            25.059928172283335,
            62.297672508690084,
            30.610455730027933,
            38.3275357934736,
            0.0,
            67.08203932499369,
            69.0,
            60.802960454241045,
            40.496913462633174,
            16.278820596099706,
            34.669871646719436,
            66.70832032063167,
            38.948684188300895,
            43.41658669218482,
            9.055385138137417,
            13.92838827718412
        ],
        [
            44.0,
            98.00510190801293,
            59.20304046246274,
            32.7566787083184,
            67.08203932499369,
            0.0,
            12.369316876852983,
            47.634021455258214,
            46.69047011971501,
            55.0,
            37.656340767525464,
            39.319206502675,
            43.46262762420146,
            23.769728648009426,
            76.11832893594026,
            61.00819617067857
        ],
        [
            48.507731342539614,
            106.78014796768171,
            55.46169849544819,
            31.400636936215164,
            69.0,
            12.369316876852983,
            0.0,
            59.07622195096772,
            41.340053217188775,
            59.22837157984339,
            44.28317965096906,
            28.160255680657446,
            51.86520991955976,
            26.68332812825267,
            78.00640999302557,
            65.30696746902278
        ],
        [
            39.56008088970496,
            56.88585061331157,
            74.95331880577403,
            54.037024344425184,
            60.802960454241045,
            47.634021455258214,
            59.07622195096772,
            0.0,
            71.02816342831905,
            44.654227123532216,
            30.805843601498726,
            80.00624975587844,
            22.360679774997898,
            43.56604182158393,
            67.26812023536856,
            47.50789408087881
        ],
        [
            36.05551275463989,
            97.3498844375277,
            15.132745950421556,
            17.464249196572982,
            40.496913462633174,
            46.69047011971501,
            41.340053217188775,
            71.02816342831905,
            0.0,
            41.048751503547585,
            41.30375285612676,
            27.45906043549196,
            51.62363799656123,
            29.410882339705484,
            47.853944456021594,
            45.45327270945405
        ],
        [
            11.0,
            56.30275304103699,
            36.87817782917155,
            31.906112267087632,
            16.278820596099706,
            55.0,
            59.22837157984339,
            44.654227123532216,
            41.048751503547585,
            0.0,
            19.313207915827967,
            63.41135544995076,
            22.67156809750927,
            32.55764119219941,
            23.853720883753127,
            6.082762530298219
        ],
        [
            9.899494936611665,
            63.25345840347388,
            44.14748010928823,
            25.632011235952593,
            34.669871646719436,
            37.656340767525464,
            44.28317965096906,
            30.805843601498726,
            41.30375285612676,
            19.313207915827967,
            0.0,
            56.0357029044876,
            10.44030650891055,
            19.1049731745428,
            42.941821107167776,
            24.738633753705965
        ],
        [
            55.154328932550705,
            118.1397477566293,
            42.1070065428546,
            31.827660925679098,
            66.70832032063167,
            39.319206502675,
            28.160255680657446,
            80.00624975587844,
            27.45906043549196,
            63.41135544995076,
            56.0357029044876,
            0.0,
            66.03786792439622,
            37.589892258425,
            74.67261881037788,
            68.81860213634101
        ],
        [
            17.464249196572982,
            54.91812087098392,
            53.46026561849464,
            36.05551275463989,
            38.948684188300895,
            43.46262762420146,
            51.86520991955976,
            22.360679774997898,
            51.62363799656123,
            22.67156809750927,
            10.44030650891055,
            66.03786792439622,
            0.0,
            28.600699292150182,
            46.09772228646444,
            26.40075756488817
        ],
        [
            21.840329667841555,
            82.3286098510111,
            38.41874542459709,
            12.083045973594572,
            43.41658669218482,
            23.769728648009426,
            26.68332812825267,
            43.56604182158393,
            29.410882339705484,
            32.55764119219941,
            19.1049731745428,
            37.589892258425,
            28.600699292150182,
            0.0,
            52.46903848937962,
            38.63935817272331
        ],
        [
            33.61547262794322,
            61.0,
            36.235341863986875,
            47.16990566028302,
            9.055385138137417,
            76.11832893594026,
            78.00640999302557,
            67.26812023536856,
            47.853944456021594,
            23.853720883753127,
            42.941821107167776,
            74.67261881037788,
            46.09772228646444,
            52.46903848937962,
            0.0,
            19.79898987322333
        ],
        [
            17.029386365926403,
            52.354560450833695,
            39.56008088970496,
            37.589892258425,
            13.92838827718412,
            61.00819617067857,
            65.30696746902278,
            47.50789408087881,
            45.45327270945405,
            6.082762530298219,
            24.738633753705965,
            68.81860213634101,
            26.40075756488817,
            38.63935817272331,
            19.79898987322333,
            0.0
        ]
    ],
    "instance_name": "P-n15-2",
    "max_vehicle_number": 2,
    "vehicle_capacity": 30.0
}