{
    "customer_1": {
        "coordinates": {
            "x": 27.0,
            "y": 12.0
        },
        "demand": 2.0,
        "due_time": 1000.0,
        "ready_time": 0.0,
        "service_time": 5.0
    },
    "customer_10": {
        "coordinates": {
            "x": 41.0,
            "y": 61.0
        },
        "demand": 2.0,
        "due_time": 1000.0,
        "ready_time": 0.0,
        "service_time": 5.0
    },
    "customer_11": {
        "coordinates": {
            "x": 100.0,
            "y": 6.0
        },
        "demand": 2.0,
        "due_time": 1000.0,
        "ready_time": 0.0,
        "service_time": 5.0
    },
    "customer_12": {
        "coordinates": {
            "x": 45.0,
            "y": 29.0
        },
        "demand": 2.0,
        "due_time": 1000.0,
        "ready_time": 0.0,
        "service_time": 5.0
    },
    "customer_13": {
        "coordinates": {
            "x": 36.0,
            "y": 70.0
        },
        "demand": 5.0,
        "due_time": 1000.0,
        "ready_time": 0.0,
        "service_time": 5.0
    },
    "customer_14": {
        "coordinates": {
            "x": 100.0,
            "y": 88.0
        },
        "demand": 5.0,
        "due_time": 1000.0,
        "ready_time": 0.0,
        "service_time": 5.0
    },
    "customer_15": {
        "coordinates": {
            "x": 55.0,
            "y": 24.0
        },
        "demand": 2.0,
        "due_time": 1000.0,
        "ready_time": 0.0,
        "service_time": 5.0
    },
    "customer_2": {
        "coordinates": {
            "x": 88.0,
            "y": 74.0
        },
        "demand": 5.0,
        "due_time": 1000.0,
        "ready_time": 0.0,
        "service_time": 5.0
    },
    "customer_3": {
        "coordinates": {
            "x": 53.0,
            "y": 74.0
        },
        "demand": 5.0,
        "due_time": 1000.0,
        "ready_time": 0.0,
        "service_time": 5.0
    },
    "customer_4": {
        "coordinates": {
            "x": 55.0,
            "y": 41.0
        },
        "demand": 2.0,
        "due_time": 1000.0,
        "ready_time": 0.0,
        "service_time": 5.0
    },
    "customer_5": {
        "coordinates": {
            "x": 33.0,
            "y": 69.0
        },
        "demand": 2.0,
        "due_time": 1000.0,
        "ready_time": 0.0,
        "service_time": 5.0
    },
    "customer_6": {
        "coordinates": {
            "x": 1.0,
            "y": 100.0
        },
        "demand": 5.0,
        "due_time": 1000.0,
        "ready_time": 0.0,
        "service_time": 5.0
    },
    "customer_7": {
        "coordinates": {
            "x": 65.0,
            "y": 18.0
        },
        "demand": 2.0,
        "due_time": 1000.0,
        "ready_time": 0.0,
        "service_time": 5.0
    },
    "customer_8": {
        "coordinates": {
            "x": 84.0,
            "y": 43.0
        },
        "demand": 5.0,
        "due_time": 1000.0,
        "ready_time": 0.0,
        "service_time": 5.0
    },
    "customer_9": {
        "coordinates": {
            "x": 45.0,
            "y": 56.0
        },
        "demand": 5.0,
        "due_time": 1000.0,
        "ready_time": 0.0,
        "service_time": 5.0
    },
    "deport": {
        "coordinates": {
            "x": 0.0,
            "y": 0.0
        },
        "demand": 0.0,
        "due_time": 1000.0,
        "ready_time": 0.0,
        "service_time": 5.0
    },
    "distance_matrix": [
        [
            0.0,
            29.546573405388315,
            114.97825881443848,
            91.02197536858887,
            68.60029154456998,
            76.48529270389177,
            100.00499987500625,
            67.446274915669,
            94.36630754670864,
            71.84010022264724,
            73.49829930005184,
            100.17983829094555,
            53.53503525729669,
            78.7146746166177,
            133.2066064427737,
            60.00833275470999
        ],
        [
            29.546573405388315,
            0.0,
            86.97700845625813,
            67.23094525588644,
            40.311288741492746,
            57.3149195236284,
            91.76055797563569,
            38.47076812334269,
            64.88451279003334,
            47.53945729601885,
            50.96076922496363,
            73.24616030891995,
            24.758836806279895,
            58.69412236331676,
            105.38026380684383,
            30.463092423455635
        ],
        [
            114.97825881443848,
            86.97700845625813,
            0.0,
            35.0,
            46.66904755831214,
            55.226805085936306,
            90.80198235721508,
            60.53924347066124,
            31.25699921617557,
            46.61544808322666,
            48.76474136094644,
            69.05070600652827,
            62.24146527838174,
            52.153619241621186,
            18.439088914585774,
            59.90826320300064
        ],
        [
            91.02197536858887,
            67.23094525588644,
            35.0,
            0.0,
            33.06055050963308,
            20.615528128088304,
            58.137767414994535,
            57.271284253105414,
            43.840620433565945,
            19.697715603592208,
            17.69180601295413,
            82.66196223173026,
            45.70557952810576,
            17.464249196572982,
            49.040799340956916,
            50.039984012787215
        ],
        [
            68.60029154456998,
            40.311288741492746,
            46.66904755831214,
            33.06055050963308,
            0.0,
            35.608987629529715,
            79.98124780221924,
            25.079872407968907,
            29.068883707497267,
            18.027756377319946,
            24.413111231467408,
            57.0087712549569,
            15.620499351813308,
            34.669871646719436,
            65.06919393998976,
            17.0
        ],
        [
            76.48529270389177,
            57.3149195236284,
            55.226805085936306,
            20.615528128088304,
            35.608987629529715,
            0.0,
            44.553338819890925,
            60.207972893961475,
            57.245087125446844,
            17.69180601295413,
            11.313708498984761,
            91.96738552334735,
            41.7612260356422,
            3.162277660168379,
            69.6419413859206,
            50.08991914547278
        ],
        [
            100.00499987500625,
            91.76055797563569,
            90.80198235721508,
            58.137767414994535,
            79.98124780221924,
            44.553338819890925,
            0.0,
            104.01922899156675,
            100.687635785135,
            62.22539674441618,
            55.86591089385369,
            136.517398158623,
            83.52843827104635,
            46.09772228646444,
            99.72462083156798,
            93.23089616645332
        ],
        [
            67.446274915669,
            38.47076812334269,
            60.53924347066124,
            57.271284253105414,
            25.079872407968907,
            60.207972893961475,
            104.01922899156675,
            0.0,
            31.400636936215164,
            42.941821107167776,
            49.24428900898052,
            37.0,
            22.825424421026653,
            59.53990258641679,
            78.26237921249263,
            11.661903789690601
        ],
        [
            94.36630754670864,
            64.88451279003334,
            31.25699921617557,
            43.840620433565945,
            29.068883707497267,
            57.245087125446844,
            100.687635785135,
            31.400636936215164,
            0.0,
            41.10960958218893,
            46.61544808322666,
            40.311288741492746,
            41.43669871020133,
            55.072679252057455,
            47.75981574503821,
            34.669871646719436
        ],
        [
            71.84010022264724,
            47.53945729601885,
            46.61544808322666,
            19.697715603592208,
            18.027756377319946,
            17.69180601295413,
            62.22539674441618,
            42.941821107167776,
            41.10960958218893,
            0.0,
            6.4031242374328485,
            74.33034373659252,
            27.0,
            16.64331697709324,
            63.631753079732135,
            33.52610922848042
        ],
        [
            73.49829930005184,
            50.96076922496363,
            48.76474136094644,
            17.69180601295413,
            24.413111231467408,
            11.313708498984761,
            55.86591089385369,
            49.24428900898052,
            46.61544808322666,
            6.4031242374328485,
            0.0,
            80.65977932030313,
            32.2490309931942,
            10.295630140987,
            64.88451279003334,
            39.56008088970496
        ],
        [
            100.17983829094555,
            73.24616030891995,
            69.05070600652827,
            82.66196223173026,
            57.0087712549569,
            91.96738552334735,
            136.517398158623,
            37.0,
            40.311288741492746,
            74.33034373659252,
            80.65977932030313,
            0.0,
            59.61543424315552,
            90.50966799187809,
            82.0,
            48.46648326421054
        ],
        [
            53.53503525729669,
            24.758836806279895,
            62.24146527838174,
            45.70557952810576,
            15.620499351813308,
            41.7612260356422,
            83.52843827104635,
            22.825424421026653,
            41.43669871020133,
            27.0,
            32.2490309931942,
            59.61543424315552,
            0.0,
            41.97618372363071,
            80.65977932030313,
            11.180339887498949
        ],
        [
            78.7146746166177,
            58.69412236331676,
            52.153619241621186,
            17.464249196572982,
            34.669871646719436,
            3.162277660168379,
            46.09772228646444,
            59.53990258641679,
            55.072679252057455,
            16.64331697709324,
            10.295630140987,
            90.50966799187809,
            41.97618372363071,
            0.0,
            66.48308055437865,
            49.76946855251722
        ],
        [
            133.2066064427737,
            105.38026380684383,
            18.439088914585774,
            49.040799340956916,
            65.06919393998976,
            69.6419413859206,
            99.72462083156798,
            78.26237921249263,
            47.75981574503821,
            63.631753079732135,
            64.88451279003334,
            82.0,
            80.65977932030313,
            66.48308055437865,
            0.0,
            78.2368199762746
        ],
        [
            60.00833275470999,
            30.463092423455635,
            59.90826320300064,
            50.039984012787215,
            17.0,
            50.08991914547278,
            93.23089616645332,
            11.661903789690601,
            34.669871646719436,
            33.52610922848042,
            39.56008088970496,
            48.46648326421054,
            11.180339887498949,
            49.76946855251722,
            78.2368199762746,
            0.0
        ]
    ],
    "instance_name": "P-n15-1",
    "max_vehicle_number": 2,
    "vehicle_capacity": 30.0
}