{
    "customer_1": {
        "coordinates": {
            "x": 46.0,
            "y": 45.0
        },
        "demand": 2.0,
        "due_time": 1000.0,
        "ready_time": 0.0,
        "service_time": 5.0
    },
    "customer_10": {
        "coordinates": {
            "x": 71.0,
            "y": 16.0
        },
        "demand": 2.0,
        "due_time": 1000.0,
        "ready_time": 0.0,
        "service_time": 5.0
    },
    "customer_2": {
        "coordinates": {
            "x": 39.0,
            "y": 74.0
        },
        "demand": 5.0,
        "due_time": 1000.0,
        "ready_time": 0.0,
        "service_time": 5.0
    },
    "customer_3": {
        "coordinates": {
            "x": 0.0,
            "y": 20.0
        },
        "demand": 2.0,
        "due_time": 1000.0,
        "ready_time": 0.0,
        "service_time": 5.0
    },
    "customer_4": {
        "coordinates": {
            "x": 2.0,
            "y": 39.0
        },
        "demand": 2.0,
        "due_time": 1000.0,
        "ready_time": 0.0,
        "service_time": 5.0
    },
    "customer_5": {
        "coordinates": {
            "x": 44.0,
            "y": 74.0
        },
        "demand": 5.0,
        "due_time": 1000.0,
        "ready_time": 0.0,
        "service_time": 5.0
    },
    "customer_6": {
        "coordinates": {
            "x": 55.0,
            "y": 14.0
        },
        "demand": 5.0,
        "due_time": 1000.0,
        "ready_time": 0.0,
        "service_time": 5.0
    },
    "customer_7": {
        "coordinates": {
            "x": 93.0,
            "y": 78.0
        },
        "demand": 2.0,
        "due_time": 1000.0,
        "ready_time": 0.0,
        "service_time": 5.0
    },
    "customer_8": {
        "coordinates": {
            "x": 52.0,
            "y": 24.0
        },
        "demand": 5.0,
        "due_time": 1000.0,
        "ready_time": 0.0,
        "service_time": 5.0
    },
    "customer_9": {
        "coordinates": {
            "x": 91.0,
            "y": 70.0
        },
        "demand": 5.0,
        "due_time": 1000.0,
        "ready_time": 0.0,
        "service_time": 5.0
    },
    "deport": {
        "coordinates": {
            "x": 0.0,
            "y": 0.0
        },
        "demand": 0.0,
        "due_time": 1000.0,
        "ready_time": 0.0,
        "service_time": 5.0
    },
    "distance_matrix": [
        [
            0.0,
            64.35060217278468,
            83.64807230295268,
            20.0,
            39.05124837953327,
            86.09297300012354,
            56.753854494650845,
            121.37956994486346,
            57.271284253105414,
            114.80853626799707,
            72.78049189171504
        ],
        [
            64.35060217278468,
            0.0,
            29.832867780352597,
            52.354560450833695,
            44.40720662234904,
            29.068883707497267,
            32.28002478313795,
            57.428216061444914,
            21.840329667841555,
            51.478150704935004,
            38.28837943815329
        ],
        [
            83.64807230295268,
            29.832867780352597,
            0.0,
            66.61080993352356,
            50.93132631298737,
            5.0,
            62.0966987850401,
            54.147945482723536,
            51.66236541235796,
            52.153619241621186,
            66.24198064671678
        ],
        [
            20.0,
            52.354560450833695,
            66.61080993352356,
            0.0,
            19.1049731745428,
            69.65629906907199,
            55.326304774492215,
            109.60383204979651,
            52.153619241621186,
            103.83159442096611,
            71.11258679024411
        ],
        [
            39.05124837953327,
            44.40720662234904,
            50.93132631298737,
            19.1049731745428,
            0.0,
            54.67174773134658,
            58.60034129593445,
            99.00505037623081,
            52.20153254455275,
            94.2443632266673,
            72.73238618387272
        ],
        [
            86.09297300012354,
            29.068883707497267,
            5.0,
            69.65629906907199,
            54.67174773134658,
            0.0,
            61.0,
            49.16299421312742,
            50.635955604688654,
            47.16990566028302,
            63.97655820689325
        ],
        [
            56.753854494650845,
            32.28002478313795,
            62.0966987850401,
            55.326304774492215,
            58.60034129593445,
            61.0,
            0.0,
            74.43117626371358,
            10.44030650891055,
            66.57326790837296,
            16.1245154965971
        ],
        [
            121.37956994486346,
            57.428216061444914,
            54.147945482723536,
            109.60383204979651,
            99.00505037623081,
            49.16299421312742,
            74.43117626371358,
            0.0,
            67.80117993073571,
            8.246211251235321,
            65.7875368135941
        ],
        [
            57.271284253105414,
            21.840329667841555,
            51.66236541235796,
            52.153619241621186,
            52.20153254455275,
            50.635955604688654,
            10.44030650891055,
            67.80117993073571,
            0.0,
            60.30754513325841,
            20.615528128088304
        ],
        [
            114.80853626799707,
            51.478150704935004,
            52.153619241621186,
            103.83159442096611,
            94.2443632266673,
            47.16990566028302,
            66.57326790837296,
            8.246211251235321,
            60.30754513325841,
            0.0,
            57.584720195551874
        ],
        [
            72.78049189171504,
            38.28837943815329,
            66.24198064671678,
            71.11258679024411,
            72.73238618387272,
            63.97655820689325,
            16.1245154965971,
            65.7875368135941,
            20.615528128088304,
            57.584720195551874,
            0.0
        ]
    ],
    "instance_name": "P-n10-6",
    "max_vehicle_number": 2,
    "vehicle_capacity": 30.0
}