{
    "customer_1": {
        "coordinates": {
            "x": 30.0,
            "y": 12.0
        },
        "demand": 2.0,
        "due_time": 1000.0,
        "ready_time": 0.0,
        "service_time": 5.0
    },
    "customer_10": {
        "coordinates": {
            "x": 39.0,
            "y": 13.0
        },
        "demand": 2.0,
        "due_time": 1000.0,
        "ready_time": 0.0,
        "service_time": 5.0
    },
    "customer_2": {
        "coordinates": {
            "x": 92.0,
            "y": 5.0
        },
        "demand": 2.0,
        "due_time": 1000.0,
        "ready_time": 0.0,
        "service_time": 5.0
    },
    "customer_3": {
        "coordinates": {
            "x": 33.0,
            "y": 56.0
        },
        "demand": 5.0,
        "due_time": 1000.0,
        "ready_time": 0.0,
        "service_time": 5.0
    },
    "customer_4": {
        "coordinates": {
            "x": 98.0,
            "y": 47.0
        },
        "demand": 5.0,
        "due_time": 1000.0,
        "ready_time": 0.0,
        "service_time": 5.0
    },
    "customer_5": {
        "coordinates": {
            "x": 32.0,
            "y": 52.0
        },
        "demand": 2.0,
        "due_time": 1000.0,
        "ready_time": 0.0,
        "service_time": 5.0
    },
    "customer_6": {
        "coordinates": {
            "x": 75.0,
            "y": 54.0
        },
        "demand": 5.0,
        "due_time": 1000.0,
        "ready_time": 0.0,
        "service_time": 5.0
    },
    "customer_7": {
        "coordinates": {
            "x": 85.0,
            "y": 83.0
        },
        "demand": 5.0,
        "due_time": 1000.0,
        "ready_time": 0.0,
        "service_time": 5.0
    },
    "customer_8": {
        "coordinates": {
            "x": 73.0,
            "y": 11.0
        },
        "demand": 2.0,
        "due_time": 1000.0,
        "ready_time": 0.0,
        "service_time": 5.0
    },
    "customer_9": {
        "coordinates": {
            "x": 62.0,
            "y": 12.0
        },
        "demand": 2.0,
        "due_time": 1000.0,
        "ready_time": 0.0,
        "service_time": 5.0
    },
    "deport": {
        "coordinates": {
            "x": 50.0,
            "y": 50.0
        },
        "demand": 0.0,
        "due_time": 1000.0,
        "ready_time": 0.0,
        "service_time": 5.0
    },
    "distance_matrix": [
        [
            0.0,
            42.941821107167776,
            61.554853586049575,
            18.027756377319946,
            48.093658625644196,
            18.110770276274835,
            25.317977802344327,
            48.104053883222775,
            45.27692569068708,
            39.84971769034255,
            38.600518131237564
        ],
        [
            42.941821107167776,
            0.0,
            62.39390995922599,
            44.10215414239989,
            76.47875521999558,
            40.04996878900157,
            61.554853586049575,
            89.81091247727082,
            43.01162633521314,
            32.0,
            9.055385138137417
        ],
        [
            61.554853586049575,
            62.39390995922599,
            0.0,
            77.98717843338096,
            42.42640687119285,
            76.21679604916491,
            51.86520991955976,
            78.31347265956222,
            19.924858845171276,
            30.805843601498726,
            53.600373133029585
        ],
        [
            18.027756377319946,
            44.10215414239989,
            77.98717843338096,
            0.0,
            65.62011886609167,
            4.123105625617661,
            42.04759208325728,
            58.59180830116101,
            60.207972893961475,
            52.69724850502159,
            43.41658669218482
        ],
        [
            48.093658625644196,
            76.47875521999558,
            42.42640687119285,
            65.62011886609167,
            0.0,
            66.18912297349165,
            24.041630560342615,
            38.27531841800928,
            43.829214001622255,
            50.20956084253277,
            68.09552114493287
        ],
        [
            18.110770276274835,
            40.04996878900157,
            76.21679604916491,
            4.123105625617661,
            66.18912297349165,
            0.0,
            43.04648650006177,
            61.40032573203501,
            57.982756057296896,
            50.0,
            39.6232255123179
        ],
        [
            25.317977802344327,
            61.554853586049575,
            51.86520991955976,
            42.04759208325728,
            24.041630560342615,
            43.04648650006177,
            0.0,
            30.675723300355934,
            43.04648650006177,
            43.965895873961216,
            54.56189146281496
        ],
        [
            48.104053883222775,
            89.81091247727082,
            78.31347265956222,
            58.59180830116101,
            38.27531841800928,
            61.40032573203501,
            30.675723300355934,
            0.0,
            72.99315036357864,
            74.63243262818116,
            83.7615663654877
        ],
        [
            45.27692569068708,
            43.01162633521314,
            19.924858845171276,
            60.207972893961475,
            43.829214001622255,
            57.982756057296896,
            43.04648650006177,
            72.99315036357864,
            0.0,
            11.045361017187261,
            34.058772731852805
        ],
        [
            39.84971769034255,
            32.0,
            30.805843601498726,
            52.69724850502159,
            50.20956084253277,
            50.0,
            43.965895873961216,
            74.63243262818116,
            11.045361017187261,
            0.0,
            23.021728866442675
        ],
        [
            38.600518131237564,
            9.055385138137417,
            53.600373133029585,
            43.41658669218482,
            68.09552114493287,
            39.6232255123179,
            54.56189146281496,
            83.7615663654877,
            34.058772731852805,
            23.021728866442675,
            0.0
        ]
    ],
    "instance_name": "P-n10-2",
    "max_vehicle_number": 2,
    "vehicle_capacity": 30.0
}