{
    "customer_1": {
        "coordinates": {
            "x": 6.0,
            "y": 6.0
        },
        "demand": 2.0,
        "due_time": 1000.0,
        "ready_time": 0.0,
        "service_time": 5.0
    },
    "customer_10": {
        "coordinates": {
            "x": 1.0,
            "y": 2.0
        },
        "demand": 2.0,
        "due_time": 1000.0,
        "ready_time": 0.0,
        "service_time": 5.0
    },
    "customer_2": {
        "coordinates": {
            "x": 28.0,
            "y": 80.0
        },
        "demand": 2.0,
        "due_time": 1000.0,
        "ready_time": 0.0,
        "service_time": 5.0
    },
    "customer_3": {
        "coordinates": {
            "x": 49.0,
            "y": 53.0
        },
        "demand": 2.0,
        "due_time": 1000.0,
        "ready_time": 0.0,
        "service_time": 5.0
    },
    "customer_4": {
        "coordinates": {
            "x": 31.0,
            "y": 36.0
        },
        "demand": 5.0,
        "due_time": 1000.0,
        "ready_time": 0.0,
        "service_time": 5.0
    },
    "customer_5": {
        "coordinates": {
            "x": 88.0,
            "y": 45.0
        },
        "demand": 5.0,
        "due_time": 1000.0,
        "ready_time": 0.0,
        "service_time": 5.0
    },
    "customer_6": {
        "coordinates": {
            "x": 13.0,
            "y": 74.0
        },
        "demand": 5.0,
        "due_time": 1000.0,
        "ready_time": 0.0,
        "service_time": 5.0
    },
    "customer_7": {
        "coordinates": {
            "x": 73.0,
            "y": 7.0
        },
        "demand": 2.0,
        "due_time": 1000.0,
        "ready_time": 0.0,
        "service_time": 5.0
    },
    "customer_8": {
        "coordinates": {
            "x": 0.0,
            "y": 18.0
        },
        "demand": 5.0,
        "due_time": 1000.0,
        "ready_time": 0.0,
        "service_time": 5.0
    },
    "customer_9": {
        "coordinates": {
            "x": 96.0,
            "y": 49.0
        },
        "demand": 5.0,
        "due_time": 1000.0,
        "ready_time": 0.0,
        "service_time": 5.0
    },
    "deport": {
        "coordinates": {
            "x": 50.0,
            "y": 50.0
        },
        "demand": 0.0,
        "due_time": 1000.0,
        "ready_time": 0.0,
        "service_time": 5.0
    },
    "distance_matrix": [
        [
            0.0,
            62.22539674441618,
            37.20215047547655,
            3.162277660168379,
            23.600847442411894,
            38.3275357934736,
            44.10215414239989,
            48.76474136094644,
            59.36328831862332,
            46.010868281309364,
            68.59300255857006
        ],
        [
            62.22539674441618,
            0.0,
            77.20103626247513,
            63.702433234531945,
            39.05124837953327,
            90.80198235721508,
            68.3593446428504,
            67.00746227100382,
            13.416407864998739,
            99.74467404327912,
            6.4031242374328485
        ],
        [
            37.20215047547655,
            77.20103626247513,
            0.0,
            34.20526275297414,
            44.10215414239989,
            69.46221994724903,
            16.15549442140351,
            85.75546629807339,
            68.0294054067798,
            74.73285756613352,
            82.54089895318563
        ],
        [
            3.162277660168379,
            63.702433234531945,
            34.20526275297414,
            0.0,
            24.758836806279895,
            39.81205847478876,
            41.677331968349414,
            51.88448708429139,
            60.21627686929839,
            47.16990566028302,
            70.03570517957252
        ],
        [
            23.600847442411894,
            39.05124837953327,
            44.10215414239989,
            24.758836806279895,
            0.0,
            57.706152185014034,
            42.04759208325728,
            51.03920062069938,
            35.84689665786984,
            66.2872536767062,
            45.34313619501854
        ],
        [
            38.3275357934736,
            90.80198235721508,
            69.46221994724903,
            39.81205847478876,
            57.706152185014034,
            0.0,
            80.4114419718985,
            40.85339643163099,
            92.04890004774636,
            8.94427190999916,
            97.04638066409278
        ],
        [
            44.10215414239989,
            68.3593446428504,
            16.15549442140351,
            41.677331968349414,
            42.04759208325728,
            80.4114419718985,
            0.0,
            89.9388681271896,
            57.48912940721924,
            86.68333173107735,
            72.99315036357864
        ],
        [
            48.76474136094644,
            67.00746227100382,
            85.75546629807339,
            51.88448708429139,
            51.03920062069938,
            40.85339643163099,
            89.9388681271896,
            0.0,
            73.824115301167,
            47.885279575251516,
            72.17340230306453
        ],
        [
            59.36328831862332,
            13.416407864998739,
            68.0294054067798,
            60.21627686929839,
            35.84689665786984,
            92.04890004774636,
            57.48912940721924,
            73.824115301167,
            0.0,
            100.88111815399351,
            16.0312195418814
        ],
        [
            46.010868281309364,
            99.74467404327912,
            74.73285756613352,
            47.16990566028302,
            66.2872536767062,
            8.94427190999916,
            86.68333173107735,
            47.885279575251516,
            100.88111815399351,
            0.0,
            105.99056561788885
        ],
        [
            68.59300255857006,
            6.4031242374328485,
            82.54089895318563,
            70.03570517957252,
            45.34313619501854,
            97.04638066409278,
            72.99315036357864,
            72.17340230306453,
            16.0312195418814,
            105.99056561788885,
            0.0
        ]
    ],
    "instance_name": "P-n10-7",
    "max_vehicle_number": 2,
    "vehicle_capacity": 30.0
}