{
    "customer_1": {
        "coordinates": {
            "x": 48.0,
            "y": 63.0
        },
        "demand": 2.0,
        "due_time": 1000.0,
        "ready_time": 0.0,
        "service_time": 5.0
    },
    "customer_10": {
        "coordinates": {
            "x": 40.0,
            "y": 21.0
        },
        "demand": 5.0,
        "due_time": 1000.0,
        "ready_time": 0.0,
        "service_time": 5.0
    },
    "customer_2": {
        "coordinates": {
            "x": 92.0,
            "y": 1.0
        },
        "demand": 5.0,
        "due_time": 1000.0,
        "ready_time": 0.0,
        "service_time": 5.0
    },
    "customer_3": {
        "coordinates": {
            "x": 71.0,
            "y": 81.0
        },
        "demand": 5.0,
        "due_time": 1000.0,
        "ready_time": 0.0,
        "service_time": 5.0
    },
    "customer_4": {
        "coordinates": {
            "x": 20.0,
            "y": 82.0
        },
        "demand": 5.0,
        "due_time": 1000.0,
        "ready_time": 0.0,
        "service_time": 5.0
    },
    "customer_5": {
        "coordinates": {
            "x": 14.0,
            "y": 86.0
        },
        "demand": 2.0,
        "due_time": 1000.0,
        "ready_time": 0.0,
        "service_time": 5.0
    },
    "customer_6": {
        "coordinates": {
            "x": 72.0,
            "y": 8.0
        },
        "demand": 5.0,
        "due_time": 1000.0,
        "ready_time": 0.0,
        "service_time": 5.0
    },
    "customer_7": {
        "coordinates": {
            "x": 0.0,
            "y": 6.0
        },
        "demand": 2.0,
        "due_time": 1000.0,
        "ready_time": 0.0,
        "service_time": 5.0
    },
    "customer_8": {
        "coordinates": {
            "x": 4.0,
            "y": 59.0
        },
        "demand": 2.0,
        "due_time": 1000.0,
        "ready_time": 0.0,
        "service_time": 5.0
    },
    "customer_9": {
        "coordinates": {
            "x": 19.0,
            "y": 82.0
        },
        "demand": 5.0,
        "due_time": 1000.0,
        "ready_time": 0.0,
        "service_time": 5.0
    },
    "deport": {
        "coordinates": {
            "x": 50.0,
            "y": 50.0
        },
        "demand": 0.0,
        "due_time": 1000.0,
        "ready_time": 0.0,
        "service_time": 5.0
    },
    "distance_matrix": [
        [
            0.0,
            13.152946437965905,
            64.53681120105021,
            37.44329045369811,
            43.86342439892262,
            50.91168824543142,
            47.413078364518796,
            66.60330322138685,
            46.87216658103186,
            44.553338819890925,
            30.675723300355934
        ],
        [
            13.152946437965905,
            0.0,
            76.02631123499285,
            29.206163733020468,
            33.83784863137726,
            41.048751503547585,
            60.00833275470999,
            74.51845409024533,
            44.181444068749045,
            34.669871646719436,
            42.7551166528639
        ],
        [
            64.53681120105021,
            76.02631123499285,
            0.0,
            82.71033792700887,
            108.37435120913067,
            115.36463929644994,
            21.18962010041709,
            92.13576938409967,
            105.39449701004318,
            109.04127658827184,
            55.71355310873648
        ],
        [
            37.44329045369811,
            29.206163733020468,
            82.71033792700887,
            0.0,
            51.0098029794274,
            57.21887800367987,
            73.00684899377592,
            103.27632836231156,
            70.51950084905593,
            52.009614495783374,
            67.53517601961218
        ],
        [
            43.86342439892262,
            33.83784863137726,
            108.37435120913067,
            51.0098029794274,
            0.0,
            7.211102550927978,
            90.44335243676011,
            78.587530817554,
            28.0178514522438,
            1.0,
            64.19501538281614
        ],
        [
            50.91168824543142,
            41.048751503547585,
            115.36463929644994,
            57.21887800367987,
            7.211102550927978,
            0.0,
            97.20082304178294,
            81.21576201698781,
            28.792360097775937,
            6.4031242374328485,
            70.00714249274856
        ],
        [
            47.413078364518796,
            60.00833275470999,
            21.18962010041709,
            73.00684899377592,
            90.44335243676011,
            97.20082304178294,
            0.0,
            72.02777242147643,
            85.0,
            91.02197536858887,
            34.539832078341085
        ],
        [
            66.60330322138685,
            74.51845409024533,
            92.13576938409967,
            103.27632836231156,
            78.587530817554,
            81.21576201698781,
            72.02777242147643,
            0.0,
            53.150729063673246,
            78.33900688673555,
            42.720018726587654
        ],
        [
            46.87216658103186,
            44.181444068749045,
            105.39449701004318,
            70.51950084905593,
            28.0178514522438,
            28.792360097775937,
            85.0,
            53.150729063673246,
            0.0,
            27.45906043549196,
            52.3450093132096
        ],
        [
            44.553338819890925,
            34.669871646719436,
            109.04127658827184,
            52.009614495783374,
            1.0,
            6.4031242374328485,
            91.02197536858887,
            78.33900688673555,
            27.45906043549196,
            0.0,
            64.51356446515724
        ],
        [
            30.675723300355934,
            42.7551166528639,
            55.71355310873648,
            67.53517601961218,
            64.19501538281614,
            70.00714249274856,
            34.539832078341085,
            42.720018726587654,
            52.3450093132096,
            64.51356446515724,
            0.0
        ]
    ],
    "instance_name": "P-n10-0",
    "max_vehicle_number": 2,
    "vehicle_capacity": 30.0
}