{
    "customer_1": {
        "coordinates": {
            "x": 77.0,
            "y": 61.0
        },
        "demand": 5.0,
        "due_time": 1000.0,
        "ready_time": 0.0,
        "service_time": 5.0
    },
    "customer_10": {
        "coordinates": {
            "x": 11.0,
            "y": 0.0
        },
        "demand": 2.0,
        "due_time": 1000.0,
        "ready_time": 0.0,
        "service_time": 5.0
    },
    "customer_11": {
        "coordinates": {
            "x": 54.0,
            "y": 53.0
        },
        "demand": 5.0,
        "due_time": 1000.0,
        "ready_time": 0.0,
        "service_time": 5.0
    },
    "customer_12": {
        "coordinates": {
            "x": 33.0,
            "y": 3.0
        },
        "demand": 2.0,
        "due_time": 1000.0,
        "ready_time": 0.0,
        "service_time": 5.0
    },
    "customer_13": {
        "coordinates": {
            "x": 66.0,
            "y": 8.0
        },
        "demand": 5.0,
        "due_time": 1000.0,
        "ready_time": 0.0,
        "service_time": 5.0
    },
    "customer_14": {
        "coordinates": {
            "x": 79.0,
            "y": 63.0
        },
        "demand": 5.0,
        "due_time": 1000.0,
        "ready_time": 0.0,
        "service_time": 5.0
    },
    "customer_15": {
        "coordinates": {
            "x": 70.0,
            "y": 63.0
        },
        "demand": 2.0,
        "due_time": 1000.0,
        "ready_time": 0.0,
        "service_time": 5.0
    },
    "customer_2": {
        "coordinates": {
            "x": 89.0,
            "y": 18.0
        },
        "demand": 5.0,
        "due_time": 1000.0,
        "ready_time": 0.0,
        "service_time": 5.0
    },
    "customer_3": {
        "coordinates": {
            "x": 57.0,
            "y": 23.0
        },
        "demand": 5.0,
        "due_time": 1000.0,
        "ready_time": 0.0,
        "service_time": 5.0
    },
    "customer_4": {
        "coordinates": {
            "x": 40.0,
            "y": 53.0
        },
        "demand": 5.0,
        "due_time": 1000.0,
        "ready_time": 0.0,
        "service_time": 5.0
    },
    "customer_5": {
        "coordinates": {
            "x": 40.0,
            "y": 22.0
        },
        "demand": 5.0,
        "due_time": 1000.0,
        "ready_time": 0.0,
        "service_time": 5.0
    },
    "customer_6": {
        "coordinates": {
            "x": 51.0,
            "y": 11.0
        },
        "demand": 5.0,
        "due_time": 1000.0,
        "ready_time": 0.0,
        "service_time": 5.0
    },
    "customer_7": {
        "coordinates": {
            "x": 11.0,
            "y": 12.0
        },
        "demand": 2.0,
        "due_time": 1000.0,
        "ready_time": 0.0,
        "service_time": 5.0
    },
    "customer_8": {
        "coordinates": {
            "x": 64.0,
            "y": 6.0
        },
        "demand": 5.0,
        "due_time": 1000.0,
        "ready_time": 0.0,
        "service_time": 5.0
    },
    "customer_9": {
        "coordinates": {
            "x": 81.0,
            "y": 59.0
        },
        "demand": 2.0,
        "due_time": 1000.0,
        "ready_time": 0.0,
        "service_time": 5.0
    },
    "deport": {
        "coordinates": {
            "x": 50.0,
            "y": 50.0
        },
        "demand": 0.0,
        "due_time": 1000.0,
        "ready_time": 0.0,
        "service_time": 5.0
    },
    "distance_matrix": [
        [
            0.0,
            29.154759474226502,
            50.44799302251776,
            27.892651361962706,
            10.44030650891055,
            29.732137494637012,
            39.01281840626232,
            54.45181356024793,
            46.17358552246078,
            32.28002478313795,
            63.41135544995076,
            5.0,
            49.9799959983992,
            44.94441010848846,
            31.78049716414141,
            23.853720883753127
        ],
        [
            29.154759474226502,
            0.0,
            44.64302857109943,
            42.941821107167776,
            37.8549864614954,
            53.75872022286245,
            56.356011214421486,
            82.20097323024831,
            56.515484603779164,
            4.47213595499958,
            89.87213138676528,
            24.351591323771842,
            72.80109889280519,
            54.12947441089743,
            2.8284271247461903,
            7.280109889280518
        ],
        [
            50.44799302251776,
            44.64302857109943,
            0.0,
            32.38826948140329,
            60.21627686929839,
            49.16299421312742,
            38.63935817272331,
            78.23042886243178,
            27.730849247724095,
            41.773197148410844,
            80.049984384758,
            49.49747468305833,
            57.97413216254298,
            25.079872407968907,
            46.09772228646444,
            48.84669896727925
        ],
        [
            27.892651361962706,
            42.941821107167776,
            32.38826948140329,
            0.0,
            34.48187929913333,
            17.029386365926403,
            13.416407864998739,
            47.296934361541865,
            18.384776310850235,
            43.266615305567875,
            51.42956348249516,
            30.14962686336267,
            31.240998703626616,
            17.4928556845359,
            45.65084884205331,
            42.05948168962618
        ],
        [
            10.44030650891055,
            37.8549864614954,
            60.21627686929839,
            34.48187929913333,
            0.0,
            31.0,
            43.41658669218482,
            50.21951811795888,
            52.773099207835045,
            41.43669871020133,
            60.41522986797286,
            14.0,
            50.48762224545735,
            51.97114584074513,
            40.26164427839479,
            31.622776601683793
        ],
        [
            29.732137494637012,
            53.75872022286245,
            49.16299421312742,
            17.029386365926403,
            31.0,
            0.0,
            15.556349186104045,
            30.675723300355934,
            28.844410203711913,
            55.226805085936306,
            36.40054944640259,
            34.0147027033899,
            20.248456731316587,
            29.5296461204668,
            56.586217403180434,
            50.80354318352215
        ],
        [
            39.01281840626232,
            56.356011214421486,
            38.63935817272331,
            13.416407864998739,
            43.41658669218482,
            15.556349186104045,
            0.0,
            40.01249804748512,
            13.92838827718412,
            56.60388679233962,
            41.48493702538308,
            42.1070065428546,
            19.697715603592208,
            15.297058540778355,
            59.0592922409336,
            55.362442142665635
        ],
        [
            54.45181356024793,
            82.20097323024831,
            78.23042886243178,
            47.296934361541865,
            50.21951811795888,
            30.675723300355934,
            40.01249804748512,
            0.0,
            53.33854141237835,
            84.31488599292535,
            12.0,
            59.413803110051795,
            23.769728648009426,
            55.14526271584895,
            85.0,
            77.98717843338096
        ],
        [
            46.17358552246078,
            56.515484603779164,
            27.730849247724095,
            18.384776310850235,
            52.773099207835045,
            28.844410203711913,
            13.92838827718412,
            53.33854141237835,
            0.0,
            55.65968020030299,
            53.33854141237835,
            48.05205510693585,
            31.144823004794873,
            2.8284271247461903,
            58.9406481131655,
            57.3149195236284
        ],
        [
            32.28002478313795,
            4.47213595499958,
            41.773197148410844,
            43.266615305567875,
            41.43669871020133,
            55.226805085936306,
            56.60388679233962,
            84.31488599292535,
            55.65968020030299,
            0.0,
            91.54780172128658,
            27.65863337187866,
            73.7563556583431,
            53.160135440008055,
            4.47213595499958,
            11.704699910719626
        ],
        [
            63.41135544995076,
            89.87213138676528,
            80.049984384758,
            51.42956348249516,
            60.41522986797286,
            36.40054944640259,
            41.48493702538308,
            12.0,
            53.33854141237835,
            91.54780172128658,
            0.0,
            68.24954212300622,
            22.20360331117452,
            55.57877292636101,
            92.69843580125827,
            86.31338250816034
        ],
        [
            5.0,
            24.351591323771842,
            49.49747468305833,
            30.14962686336267,
            14.0,
            34.0147027033899,
            42.1070065428546,
            59.413803110051795,
            48.05205510693585,
            27.65863337187866,
            68.24954212300622,
            0.0,
            54.230987451824994,
            46.57252408878007,
            26.92582403567252,
            18.867962264113206
        ],
        [
            49.9799959983992,
            72.80109889280519,
            57.97413216254298,
            31.240998703626616,
            50.48762224545735,
            20.248456731316587,
            19.697715603592208,
            23.769728648009426,
            31.144823004794873,
            73.7563556583431,
            22.20360331117452,
            54.230987451824994,
            0.0,
            33.37663853655727,
            75.6042326857432,
            70.49113419430843
        ],
        [
            44.94441010848846,
            54.12947441089743,
            25.079872407968907,
            17.4928556845359,
            51.97114584074513,
            29.5296461204668,
            15.297058540778355,
            55.14526271584895,
            2.8284271247461903,
            53.160135440008055,
            55.57877292636101,
            46.57252408878007,
            33.37663853655727,
            0.0,
            56.515484603779164,
            55.14526271584895
        ],
        [
            31.78049716414141,
            2.8284271247461903,
            46.09772228646444,
            45.65084884205331,
            40.26164427839479,
            56.586217403180434,
            59.0592922409336,
            85.0,
            58.9406481131655,
            4.47213595499958,
            92.69843580125827,
            26.92582403567252,
            75.6042326857432,
            56.515484603779164,
            0.0,
            9.0
        ],
        [
            23.853720883753127,
            7.280109889280518,
            48.84669896727925,
            42.05948168962618,
            31.622776601683793,
            50.80354318352215,
            55.362442142665635,
            77.98717843338096,
            57.3149195236284,
            11.704699910719626,
            86.31338250816034,
            18.867962264113206,
            70.49113419430843,
            55.14526271584895,
            9.0,
            0.0
        ]
    ],
    "instance_name": "P-n15-4",
    "max_vehicle_number": 2,
    "vehicle_capacity": 30.0
}