{
    "customer_1": {
        "coordinates": {
            "x": 67.0,
            "y": 67.0
        },
        "demand": 2.0,
        "due_time": 1000.0,
        "ready_time": 0.0,
        "service_time": 5.0
    },
    "customer_10": {
        "coordinates": {
            "x": 46.0,
            "y": 18.0
        },
        "demand": 2.0,
        "due_time": 1000.0,
        "ready_time": 0.0,
        "service_time": 5.0
    },
    "customer_11": {
        "coordinates": {
            "x": 17.0,
            "y": 72.0
        },
        "demand": 5.0,
        "due_time": 1000.0,
        "ready_time": 0.0,
        "service_time": 5.0
    },
    "customer_12": {
        "coordinates": {
            "x": 51.0,
            "y": 53.0
        },
        "demand": 5.0,
        "due_time": 1000.0,
        "ready_time": 0.0,
        "service_time": 5.0
    },
    "customer_13": {
        "coordinates": {
            "x": 19.0,
            "y": 24.0
        },
        "demand": 2.0,
        "due_time": 1000.0,
        "ready_time": 0.0,
        "service_time": 5.0
    },
    "customer_14": {
        "coordinates": {
            "x": 65.0,
            "y": 99.0
        },
        "demand": 2.0,
        "due_time": 1000.0,
        "ready_time": 0.0,
        "service_time": 5.0
    },
    "customer_15": {
        "coordinates": {
            "x": 47.0,
            "y": 31.0
        },
        "demand": 2.0,
        "due_time": 1000.0,
        "ready_time": 0.0,
        "service_time": 5.0
    },
    "customer_2": {
        "coordinates": {
            "x": 10.0,
            "y": 78.0
        },
        "demand": 2.0,
        "due_time": 1000.0,
        "ready_time": 0.0,
        "service_time": 5.0
    },
    "customer_3": {
        "coordinates": {
            "x": 82.0,
            "y": 17.0
        },
        "demand": 5.0,
        "due_time": 1000.0,
        "ready_time": 0.0,
        "service_time": 5.0
    },
    "customer_4": {
        "coordinates": {
            "x": 46.0,
            "y": 41.0
        },
        "demand": 5.0,
        "due_time": 1000.0,
        "ready_time": 0.0,
        "service_time": 5.0
    },
    "customer_5": {
        "coordinates": {
            "x": 59.0,
            "y": 62.0
        },
        "demand": 2.0,
        "due_time": 1000.0,
        "ready_time": 0.0,
        "service_time": 5.0
    },
    "customer_6": {
        "coordinates": {
            "x": 34.0,
            "y": 75.0
        },
        "demand": 5.0,
        "due_time": 1000.0,
        "ready_time": 0.0,
        "service_time": 5.0
    },
    "customer_7": {
        "coordinates": {
            "x": 40.0,
            "y": 10.0
        },
        "demand": 2.0,
        "due_time": 1000.0,
        "ready_time": 0.0,
        "service_time": 5.0
    },
    "customer_8": {
        "coordinates": {
            "x": 10.0,
            "y": 18.0
        },
        "demand": 5.0,
        "due_time": 1000.0,
        "ready_time": 0.0,
        "service_time": 5.0
    },
    "customer_9": {
        "coordinates": {
            "x": 86.0,
            "y": 94.0
        },
        "demand": 5.0,
        "due_time": 1000.0,
        "ready_time": 0.0,
        "service_time": 5.0
    },
    "deport": {
        "coordinates": {
            "x": 0.0,
            "y": 0.0
        },
        "demand": 0.0,
        "due_time": 1000.0,
        "ready_time": 0.0,
        "service_time": 5.0
    },
    "distance_matrix": [
        [
            0.0,
            94.75230867899737,
            78.63841300535,
            83.74365647617735,
            61.61980201201558,
            85.58621384311844,
            82.34682750416071,
            41.23105625617661,
            20.591260281974,
            127.40486646906389,
            49.39635614091387,
            73.97972695272672,
            73.55270219373317,
            30.610455730027933,
            118.43141475132347,
            56.30275304103699
        ],
        [
            94.75230867899737,
            0.0,
            58.051701094799974,
            52.20153254455275,
            33.421549934136806,
            9.433981132056603,
            33.95585369269929,
            63.071388124885914,
            75.16648189186454,
            33.015148038438355,
            53.31041174104736,
            50.24937810560445,
            21.2602916254693,
            64.4437739428721,
            32.0624390837628,
            41.182520563948
        ],
        [
            78.63841300535,
            58.051701094799974,
            0.0,
            94.36630754670864,
            51.62363799656123,
            51.54609587543949,
            24.186773244895647,
            74.32361670424818,
            60.0,
            77.6659513557904,
            69.9714227381436,
            9.219544457292887,
            48.02082881417188,
            54.74486277268398,
            58.872744118140105,
            59.81638571495272
        ],
        [
            83.74365647617735,
            52.20153254455275,
            94.36630754670864,
            0.0,
            43.266615305567875,
            50.53711507397311,
            75.28612089887484,
            42.579337712087536,
            72.00694410957877,
            77.10382610480494,
            36.013886210738214,
            85.14693182963201,
            47.50789408087881,
            63.387695966961914,
            83.74365647617735,
            37.69615364994153
        ],
        [
            61.61980201201558,
            33.421549934136806,
            51.62363799656123,
            43.266615305567875,
            0.0,
            24.698178070456937,
            36.05551275463989,
            31.575306807693888,
            42.720018726587654,
            66.40030120413611,
            23.0,
            42.44997055358225,
            13.0,
            31.906112267087632,
            61.032778078668514,
            10.04987562112089
        ],
        [
            85.58621384311844,
            9.433981132056603,
            51.54609587543949,
            50.53711507397311,
            24.698178070456937,
            0.0,
            28.178005607210743,
            55.362442142665635,
            65.85590330410783,
            41.86884283091664,
            45.880278987817846,
            43.174066289845804,
            12.041594578792296,
            55.17245689653489,
            37.48332962798263,
            33.24154027718932
        ],
        [
            82.34682750416071,
            33.95585369269929,
            24.186773244895647,
            75.28612089887484,
            36.05551275463989,
            28.178005607210743,
            0.0,
            65.27633568147036,
            61.84658438426491,
            55.362442142665635,
            58.249463516842795,
            17.26267650163207,
            27.80287754891569,
            53.160135440008055,
            39.20459156782532,
            45.880278987817846
        ],
        [
            41.23105625617661,
            63.071388124885914,
            74.32361670424818,
            42.579337712087536,
            31.575306807693888,
            55.362442142665635,
            65.27633568147036,
            0.0,
            31.04834939252005,
            95.77055915050303,
            10.0,
            66.12866246946176,
            44.384682042344295,
            25.238858928247925,
            92.44457799135652,
            22.135943621178654
        ],
        [
            20.591260281974,
            75.16648189186454,
            60.0,
            72.00694410957877,
            42.720018726587654,
            65.85590330410783,
            61.84658438426491,
            31.04834939252005,
            0.0,
            107.48023074035522,
            36.0,
            54.45181356024793,
            53.907327887774215,
            10.816653826391969,
            97.9081201943945,
            39.21734310225516
        ],
        [
            127.40486646906389,
            33.015148038438355,
            77.6659513557904,
            77.10382610480494,
            66.40030120413611,
            41.86884283091664,
            55.362442142665635,
            95.77055915050303,
            107.48023074035522,
            0.0,
            85.88364221433555,
            72.42237223399962,
            53.907327887774215,
            96.89685237405806,
            21.587033144922902,
            74.09453421137081
        ],
        [
            49.39635614091387,
            53.31041174104736,
            69.9714227381436,
            36.013886210738214,
            23.0,
            45.880278987817846,
            58.249463516842795,
            10.0,
            36.0,
            85.88364221433555,
            0.0,
            61.29437168288782,
            35.35533905932738,
            27.65863337187866,
            83.19855767980596,
            13.038404810405297
        ],
        [
            73.97972695272672,
            50.24937810560445,
            9.219544457292887,
            85.14693182963201,
            42.44997055358225,
            43.174066289845804,
            17.26267650163207,
            66.12866246946176,
            54.45181356024793,
            72.42237223399962,
            61.29437168288782,
            0.0,
            38.948684188300895,
            48.041648597857254,
            55.072679252057455,
            50.80354318352215
        ],
        [
            73.55270219373317,
            21.2602916254693,
            48.02082881417188,
            47.50789408087881,
            13.0,
            12.041594578792296,
            27.80287754891569,
            44.384682042344295,
            53.907327887774215,
            53.907327887774215,
            35.35533905932738,
            38.948684188300895,
            0.0,
            43.18564576337837,
            48.08326112068523,
            22.360679774997898
        ],
        [
            30.610455730027933,
            64.4437739428721,
            54.74486277268398,
            63.387695966961914,
            31.906112267087632,
            55.17245689653489,
            53.160135440008055,
            25.238858928247925,
            10.816653826391969,
            96.89685237405806,
            27.65863337187866,
            48.041648597857254,
            43.18564576337837,
            0.0,
            87.98295289429652,
            28.861739379323623
        ],
        [
            118.43141475132347,
            32.0624390837628,
            58.872744118140105,
            83.74365647617735,
            61.032778078668514,
            37.48332962798263,
            39.20459156782532,
            92.44457799135652,
            97.9081201943945,
            21.587033144922902,
            83.19855767980596,
            55.072679252057455,
            48.08326112068523,
            87.98295289429652,
            0.0,
            70.3420215802759
        ],
        [
            56.30275304103699,
            41.182520563948,
            59.81638571495272,
            37.69615364994153,
            10.04987562112089,
            33.24154027718932,
            45.880278987817846,
            22.135943621178654,
            39.21734310225516,
            74.09453421137081,
            13.038404810405297,
            50.80354318352215,
            22.360679774997898,
            28.861739379323623,
            70.3420215802759,
            0.0
        ]
    ],
    "instance_name": "P-n15-5",
    "max_vehicle_number": 2,
    "vehicle_capacity": 30.0
}