{
    "customer_1": {
        "coordinates": {
            "x": 7.0,
            "y": 66.0
        },
        "demand": 2.0,
        "due_time": 1000.0,
        "ready_time": 0.0,
        "service_time": 5.0
    },
    "customer_10": {
        "coordinates": {
            "x": 49.0,
            "y": 68.0
        },
        "demand": 5.0,
        "due_time": 1000.0,
        "ready_time": 0.0,
        "service_time": 5.0
    },
    "customer_11": {
        "coordinates": {
            "x": 56.0,
            "y": 65.0
        },
        "demand": 5.0,
        "due_time": 1000.0,
        "ready_time": 0.0,
        "service_time": 5.0
    },
    "customer_12": {
        "coordinates": {
            "x": 47.0,
            "y": 92.0
        },
        "demand": 2.0,
        "due_time": 1000.0,
        "ready_time": 0.0,
        "service_time": 5.0
    },
    "customer_13": {
        "coordinates": {
            "x": 26.0,
            "y": 8.0
        },
        "demand": 5.0,
        "due_time": 1000.0,
        "ready_time": 0.0,
        "service_time": 5.0
    },
    "customer_14": {
        "coordinates": {
            "x": 38.0,
            "y": 74.0
        },
        "demand": 5.0,
        "due_time": 1000.0,
        "ready_time": 0.0,
        "service_time": 5.0
    },
    "customer_15": {
        "coordinates": {
            "x": 100.0,
            "y": 1.0
        },
        "demand": 5.0,
        "due_time": 1000.0,
        "ready_time": 0.0,
        "service_time": 5.0
    },
    "customer_2": {
        "coordinates": {
            "x": 42.0,
            "y": 44.0
        },
        "demand": 5.0,
        "due_time": 1000.0,
        "ready_time": 0.0,
        "service_time": 5.0
    },
    "customer_3": {
        "coordinates": {
            "x": 67.0,
            "y": 58.0
        },
        "demand": 5.0,
        "due_time": 1000.0,
        "ready_time": 0.0,
        "service_time": 5.0
    },
    "customer_4": {
        "coordinates": {
            "x": 98.0,
            "y": 33.0
        },
        "demand": 2.0,
        "due_time": 1000.0,
        "ready_time": 0.0,
        "service_time": 5.0
    },
    "customer_5": {
        "coordinates": {
            "x": 92.0,
            "y": 64.0
        },
        "demand": 2.0,
        "due_time": 1000.0,
        "ready_time": 0.0,
        "service_time": 5.0
    },
    "customer_6": {
        "coordinates": {
            "x": 3.0,
            "y": 81.0
        },
        "demand": 2.0,
        "due_time": 1000.0,
        "ready_time": 0.0,
        "service_time": 5.0
    },
    "customer_7": {
        "coordinates": {
            "x": 23.0,
            "y": 67.0
        },
        "demand": 5.0,
        "due_time": 1000.0,
        "ready_time": 0.0,
        "service_time": 5.0
    },
    "customer_8": {
        "coordinates": {
            "x": 24.0,
            "y": 75.0
        },
        "demand": 5.0,
        "due_time": 1000.0,
        "ready_time": 0.0,
        "service_time": 5.0
    },
    "customer_9": {
        "coordinates": {
            "x": 55.0,
            "y": 58.0
        },
        "demand": 2.0,
        "due_time": 1000.0,
        "ready_time": 0.0,
        "service_time": 5.0
    },
    "deport": {
        "coordinates": {
            "x": 0.0,
            "y": 0.0
        },
        "demand": 0.0,
        "due_time": 1000.0,
        "ready_time": 0.0,
        "service_time": 5.0
    },
    "distance_matrix": [
        [
            0.0,
            66.37017402418047,
            60.8276253029822,
            88.61715409558128,
            103.40696301506973,
            112.0714058089752,
            81.05553651663777,
            70.83784299369935,
            78.74642849044012,
            79.93122043357026,
            83.81527307120105,
            85.7962703152066,
            103.31021246711285,
            27.202941017470888,
            83.18653737234169,
            100.00499987500625
        ],
        [
            66.37017402418047,
            0.0,
            41.340053217188775,
            60.530983801686226,
            96.7987603226405,
            85.0235261559999,
            15.524174696260024,
            16.0312195418814,
            19.235384061671343,
            48.662100242385755,
            42.04759208325728,
            49.01020301937139,
            47.70744176750625,
            61.032778078668514,
            32.01562118716424,
            113.46365056704283
        ],
        [
            60.8276253029822,
            41.340053217188775,
            0.0,
            28.653097563788805,
            57.0701322935211,
            53.85164807134504,
            53.75872022286245,
            29.832867780352597,
            35.84689665786984,
            19.1049731745428,
            25.0,
            25.238858928247925,
            48.25971404805462,
            39.395431207184416,
            30.265491900843113,
            72.20110802473879
        ],
        [
            88.61715409558128,
            60.530983801686226,
            28.653097563788805,
            0.0,
            39.824615503479755,
            25.709920264364882,
            68.00735254367721,
            44.91102314577124,
            46.238512086787566,
            12.0,
            20.591260281974,
            13.038404810405297,
            39.44616584663204,
            64.66065264130884,
            33.12099032335839,
            65.86349520030045
        ],
        [
            103.40696301506973,
            96.7987603226405,
            57.0701322935211,
            39.824615503479755,
            0.0,
            31.575306807693888,
            106.4377752492037,
            82.34682750416071,
            85.0881895447306,
            49.73932046178355,
            60.21627686929839,
            52.80151512977634,
            77.98717843338096,
            76.21679604916491,
            72.67048919609665,
            32.0624390837628
        ],
        [
            112.0714058089752,
            85.0235261559999,
            53.85164807134504,
            25.709920264364882,
            31.575306807693888,
            0.0,
            90.60905032059435,
            69.06518659932803,
            68.8839603971781,
            37.48332962798263,
            43.18564576337837,
            36.013886210738214,
            53.0,
            86.55634003352961,
            54.91812087098392,
            63.50590523722971
        ],
        [
            81.05553651663777,
            15.524174696260024,
            53.75872022286245,
            68.00735254367721,
            106.4377752492037,
            90.60905032059435,
            0.0,
            24.413111231467408,
            21.840329667841555,
            56.859475903318,
            47.801673610868484,
            55.362442142665635,
            45.35416188179427,
            76.53757247260981,
            35.6931365951495,
            125.73384588089239
        ],
        [
            70.83784299369935,
            16.0312195418814,
            29.832867780352597,
            44.91102314577124,
            82.34682750416071,
            69.06518659932803,
            24.413111231467408,
            0.0,
            8.06225774829855,
            33.24154027718932,
            26.019223662515376,
            33.06055050963308,
            34.655446902326915,
            59.07622195096772,
            16.55294535724685,
            101.41498903022176
        ],
        [
            78.74642849044012,
            19.235384061671343,
            35.84689665786984,
            46.238512086787566,
            85.0881895447306,
            68.8839603971781,
            21.840329667841555,
            8.06225774829855,
            0.0,
            35.35533905932738,
            25.96150997149434,
            33.52610922848042,
            28.600699292150182,
            67.02984409947557,
            14.035668847618199,
            106.07544484940895
        ],
        [
            79.93122043357026,
            48.662100242385755,
            19.1049731745428,
            12.0,
            49.73932046178355,
            37.48332962798263,
            56.859475903318,
            33.24154027718932,
            35.35533905932738,
            0.0,
            11.661903789690601,
            7.0710678118654755,
            34.928498393145965,
            57.8013840664737,
            23.345235059857504,
            72.62231062146122
        ],
        [
            83.81527307120105,
            42.04759208325728,
            25.0,
            20.591260281974,
            60.21627686929839,
            43.18564576337837,
            47.801673610868484,
            26.019223662515376,
            25.96150997149434,
            11.661903789690601,
            0.0,
            7.615773105863909,
            24.08318915758459,
            64.25729530566937,
            12.529964086141668,
            84.20213774008353
        ],
        [
            85.7962703152066,
            49.01020301937139,
            25.238858928247925,
            13.038404810405297,
            52.80151512977634,
            36.013886210738214,
            55.362442142665635,
            33.06055050963308,
            33.52610922848042,
            7.0710678118654755,
            7.615773105863909,
            0.0,
            28.460498941515414,
            64.41273166075166,
            20.12461179749811,
            77.6659513557904
        ],
        [
            103.31021246711285,
            47.70744176750625,
            48.25971404805462,
            39.44616584663204,
            77.98717843338096,
            53.0,
            45.35416188179427,
            34.655446902326915,
            28.600699292150182,
            34.928498393145965,
            24.08318915758459,
            28.460498941515414,
            0.0,
            86.58521813797087,
            20.12461179749811,
            105.30906893520614
        ],
        [
            27.202941017470888,
            61.032778078668514,
            39.395431207184416,
            64.66065264130884,
            76.21679604916491,
            86.55634003352961,
            76.53757247260981,
            59.07622195096772,
            67.02984409947557,
            57.8013840664737,
            64.25729530566937,
            64.41273166075166,
            86.58521813797087,
            0.0,
            67.08203932499369,
            74.33034373659252
        ],
        [
            83.18653737234169,
            32.01562118716424,
            30.265491900843113,
            33.12099032335839,
            72.67048919609665,
            54.91812087098392,
            35.6931365951495,
            16.55294535724685,
            14.035668847618199,
            23.345235059857504,
            12.529964086141668,
            20.12461179749811,
            20.12461179749811,
            67.08203932499369,
            0.0,
            95.77577981932593
        ],
        [
            100.00499987500625,
            113.46365056704283,
            72.20110802473879,
            65.86349520030045,
            32.0624390837628,
            63.50590523722971,
            125.73384588089239,
            101.41498903022176,
            106.07544484940895,
            72.62231062146122,
            84.20213774008353,
            77.6659513557904,
            105.30906893520614,
            74.33034373659252,
            95.77577981932593,
            0.0
        ]
    ],
    "instance_name": "P-n15-8",
    "max_vehicle_number": 2,
    "vehicle_capacity": 30.0
}