{
    "customer_1": {
        "coordinates": {
            "x": 93.0,
            "y": 66.0
        },
        "demand": 5.0,
        "due_time": 1000.0,
        "ready_time": 0.0,
        "service_time": 5.0
    },
    "customer_10": {
        "coordinates": {
            "x": 60.0,
            "y": 41.0
        },
        "demand": 2.0,
        "due_time": 1000.0,
        "ready_time": 0.0,
        "service_time": 5.0
    },
    "customer_2": {
        "coordinates": {
            "x": 17.0,
            "y": 99.0
        },
        "demand": 5.0,
        "due_time": 1000.0,
        "ready_time": 0.0,
        "service_time": 5.0
    },
    "customer_3": {
        "coordinates": {
            "x": 69.0,
            "y": 48.0
        },
        "demand": 5.0,
        "due_time": 1000.0,
        "ready_time": 0.0,
        "service_time": 5.0
    },
    "customer_4": {
        "coordinates": {
            "x": 8.0,
            "y": 29.0
        },
        "demand": 2.0,
        "due_time": 1000.0,
        "ready_time": 0.0,
        "service_time": 5.0
    },
    "customer_5": {
        "coordinates": {
            "x": 99.0,
            "y": 36.0
        },
        "demand": 5.0,
        "due_time": 1000.0,
        "ready_time": 0.0,
        "service_time": 5.0
    },
    "customer_6": {
        "coordinates": {
            "x": 76.0,
            "y": 47.0
        },
        "demand": 5.0,
        "due_time": 1000.0,
        "ready_time": 0.0,
        "service_time": 5.0
    },
    "customer_7": {
        "coordinates": {
            "x": 99.0,
            "y": 49.0
        },
        "demand": 2.0,
        "due_time": 1000.0,
        "ready_time": 0.0,
        "service_time": 5.0
    },
    "customer_8": {
        "coordinates": {
            "x": 79.0,
            "y": 51.0
        },
        "demand": 2.0,
        "due_time": 1000.0,
        "ready_time": 0.0,
        "service_time": 5.0
    },
    "customer_9": {
        "coordinates": {
            "x": 73.0,
            "y": 61.0
        },
        "demand": 5.0,
        "due_time": 1000.0,
        "ready_time": 0.0,
        "service_time": 5.0
    },
    "deport": {
        "coordinates": {
            "x": 0.0,
            "y": 0.0
        },
        "demand": 0.0,
        "due_time": 1000.0,
        "ready_time": 0.0,
        "service_time": 5.0
    },
    "distance_matrix": [
        [
            0.0,
            114.03946685248927,
            100.44899203078147,
            84.0535543567314,
            30.083217912982647,
            105.34229919647663,
            89.35882720806042,
            110.46266337545913,
            94.03190947758107,
            95.13148795220224,
            72.67048919609665
        ],
        [
            114.03946685248927,
            0.0,
            82.85529554590944,
            30.0,
            92.70382947861431,
            30.59411708155671,
            25.495097567963924,
            18.027756377319946,
            20.518284528683193,
            20.615528128088304,
            41.400483088968905
        ],
        [
            100.44899203078147,
            82.85529554590944,
            0.0,
            72.83543093852057,
            70.57619995437555,
            103.40696301506973,
            78.64477096412705,
            96.04165762834376,
            78.40918313565064,
            67.67569726275453,
            72.20110802473879
        ],
        [
            84.0535543567314,
            30.0,
            72.83543093852057,
            0.0,
            63.89053137985315,
            32.31098884280702,
            7.0710678118654755,
            30.01666203960727,
            10.44030650891055,
            13.601470508735444,
            11.40175425099138
        ],
        [
            30.083217912982647,
            92.70382947861431,
            70.57619995437555,
            63.89053137985315,
            0.0,
            91.26883367283708,
            70.3420215802759,
            93.17188417113823,
            74.33034373659252,
            72.44998274671983,
            53.36665625650534
        ],
        [
            105.34229919647663,
            30.59411708155671,
            103.40696301506973,
            32.31098884280702,
            91.26883367283708,
            0.0,
            25.495097567963924,
            13.0,
            25.0,
            36.069377593742864,
            39.319206502675
        ],
        [
            89.35882720806042,
            25.495097567963924,
            78.64477096412705,
            7.0710678118654755,
            70.3420215802759,
            25.495097567963924,
            0.0,
            23.08679276123039,
            5.0,
            14.317821063276353,
            17.08800749063506
        ],
        [
            110.46266337545913,
            18.027756377319946,
            96.04165762834376,
            30.01666203960727,
            93.17188417113823,
            13.0,
            23.08679276123039,
            0.0,
            20.09975124224178,
            28.635642126552707,
            39.81205847478876
        ],
        [
            94.03190947758107,
            20.518284528683193,
            78.40918313565064,
            10.44030650891055,
            74.33034373659252,
            25.0,
            5.0,
            20.09975124224178,
            0.0,
            11.661903789690601,
            21.470910553583888
        ],
        [
            95.13148795220224,
            20.615528128088304,
            67.67569726275453,
            13.601470508735444,
            72.44998274671983,
            36.069377593742864,
            14.317821063276353,
            28.635642126552707,
            11.661903789690601,
            0.0,
            23.853720883753127
        ],
        [
            72.67048919609665,
            41.400483088968905,
            72.20110802473879,
            11.40175425099138,
            53.36665625650534,
            39.319206502675,
            17.08800749063506,
            39.81205847478876,
            21.470910553583888,
            23.853720883753127,
            0.0
        ]
    ],
    "instance_name": "P-n10-3",
    "max_vehicle_number": 2,
    "vehicle_capacity": 30.0
}