{
    "customer_1": {
        "coordinates": {
            "x": 52.0,
            "y": 97.0
        },
        "demand": 2.0,
        "due_time": 1000.0,
        "ready_time": 0.0,
        "service_time": 5.0
    },
    "customer_10": {
        "coordinates": {
            "x": 9.0,
            "y": 82.0
        },
        "demand": 2.0,
        "due_time": 1000.0,
        "ready_time": 0.0,
        "service_time": 5.0
    },
    "customer_11": {
        "coordinates": {
            "x": 74.0,
            "y": 55.0
        },
        "demand": 5.0,
        "due_time": 1000.0,
        "ready_time": 0.0,
        "service_time": 5.0
    },
    "customer_12": {
        "coordinates": {
            "x": 96.0,
            "y": 93.0
        },
        "demand": 5.0,
        "due_time": 1000.0,
        "ready_time": 0.0,
        "service_time": 5.0
    },
    "customer_13": {
        "coordinates": {
            "x": 6.0,
            "y": 81.0
        },
        "demand": 2.0,
        "due_time": 1000.0,
        "ready_time": 0.0,
        "service_time": 5.0
    },
    "customer_14": {
        "coordinates": {
            "x": 10.0,
            "y": 77.0
        },
        "demand": 2.0,
        "due_time": 1000.0,
        "ready_time": 0.0,
        "service_time": 5.0
    },
    "customer_15": {
        "coordinates": {
            "x": 56.0,
            "y": 94.0
        },
        "demand": 2.0,
        "due_time": 1000.0,
        "ready_time": 0.0,
        "service_time": 5.0
    },
    "customer_2": {
        "coordinates": {
            "x": 100.0,
            "y": 96.0
        },
        "demand": 5.0,
        "due_time": 1000.0,
        "ready_time": 0.0,
        "service_time": 5.0
    },
    "customer_3": {
        "coordinates": {
            "x": 94.0,
            "y": 85.0
        },
        "demand": 5.0,
        "due_time": 1000.0,
        "ready_time": 0.0,
        "service_time": 5.0
    },
    "customer_4": {
        "coordinates": {
            "x": 4.0,
            "y": 44.0
        },
        "demand": 2.0,
        "due_time": 1000.0,
        "ready_time": 0.0,
        "service_time": 5.0
    },
    "customer_5": {
        "coordinates": {
            "x": 77.0,
            "y": 53.0
        },
        "demand": 2.0,
        "due_time": 1000.0,
        "ready_time": 0.0,
        "service_time": 5.0
    },
    "customer_6": {
        "coordinates": {
            "x": 57.0,
            "y": 75.0
        },
        "demand": 5.0,
        "due_time": 1000.0,
        "ready_time": 0.0,
        "service_time": 5.0
    },
    "customer_7": {
        "coordinates": {
            "x": 77.0,
            "y": 48.0
        },
        "demand": 5.0,
        "due_time": 1000.0,
        "ready_time": 0.0,
        "service_time": 5.0
    },
    "customer_8": {
        "coordinates": {
            "x": 34.0,
            "y": 62.0
        },
        "demand": 2.0,
        "due_time": 1000.0,
        "ready_time": 0.0,
        "service_time": 5.0
    },
    "customer_9": {
        "coordinates": {
            "x": 60.0,
            "y": 38.0
        },
        "demand": 2.0,
        "due_time": 1000.0,
        "ready_time": 0.0,
        "service_time": 5.0
    },
    "deport": {
        "coordinates": {
            "x": 0.0,
            "y": 0.0
        },
        "demand": 0.0,
        "due_time": 1000.0,
        "ready_time": 0.0,
        "service_time": 5.0
    },
    "distance_matrix": [
        [
            0.0,
            110.05907504608605,
            138.62178760930766,
            126.73200069437868,
            44.181444068749045,
            93.47726996441435,
            94.2019108086455,
            90.7358804442873,
            70.71067811865476,
            71.02112361825881,
            82.49242389456137,
            92.20086767487604,
            133.6600164596728,
            81.2219182240853,
            77.64663547121665,
            109.41663493271945
        ],
        [
            110.05907504608605,
            0.0,
            48.010415536631214,
            43.68065933568311,
            71.50524456289902,
            50.60632371551998,
            22.561028345356956,
            55.00909015790027,
            39.35733730830885,
            59.53990258641679,
            45.5411901469428,
            47.413078364518796,
            44.181444068749045,
            48.703182647543684,
            46.518813398452025,
            5.0
        ],
        [
            138.62178760930766,
            48.010415536631214,
            0.0,
            12.529964086141668,
            109.17875251164945,
            48.76474136094644,
            47.853944456021594,
            53.225933528685054,
            74.24284477308234,
            70.45565981523414,
            92.07062506576133,
            48.54894437575342,
            5.0,
            95.1892851112981,
            91.98369420718001,
            44.04543109109048
        ],
        [
            126.73200069437868,
            43.68065933568311,
            12.529964086141668,
            0.0,
            98.89893831583835,
            36.235341863986875,
            38.3275357934736,
            40.718546143004666,
            64.25729530566937,
            58.008620049092706,
            85.05292469985967,
            36.05551275463989,
            8.246211251235321,
            88.09086218218096,
            84.38009243891595,
            39.05124837953327
        ],
        [
            44.181444068749045,
            71.50524456289902,
            109.17875251164945,
            98.89893831583835,
            0.0,
            73.55270219373317,
            61.40032573203501,
            73.10950690573696,
            34.9857113690718,
            56.32051136131489,
            38.3275357934736,
            70.8590149522275,
            104.23531071570709,
            37.05401462729781,
            33.54101966249684,
            72.13875518748573
        ],
        [
            93.47726996441435,
            50.60632371551998,
            48.76474136094644,
            36.235341863986875,
            73.55270219373317,
            0.0,
            29.732137494637012,
            5.0,
            43.93176527297759,
            22.67156809750927,
            73.92563831310488,
            3.605551275463989,
            44.28317965096906,
            76.32168761236873,
            71.16881339463234,
            46.06517122512408
        ],
        [
            94.2019108086455,
            22.561028345356956,
            47.853944456021594,
            38.3275357934736,
            61.40032573203501,
            29.732137494637012,
            0.0,
            33.60059523282288,
            26.419689627245813,
            37.12142238654117,
            48.507731342539614,
            26.248809496813376,
            42.95346318982906,
            51.35172830587107,
            47.042533945356304,
            19.02629759044045
        ],
        [
            90.7358804442873,
            55.00909015790027,
            53.225933528685054,
            40.718546143004666,
            73.10950690573696,
            5.0,
            33.60059523282288,
            0.0,
            45.221676218380054,
            19.72308292331602,
            76.02631123499285,
            7.615773105863909,
            48.84669896727925,
            78.29431652425353,
            73.00684899377592,
            50.566787519082126
        ],
        [
            70.71067811865476,
            39.35733730830885,
            74.24284477308234,
            64.25729530566937,
            34.9857113690718,
            43.93176527297759,
            26.419689627245813,
            45.221676218380054,
            0.0,
            35.38361202590826,
            32.01562118716424,
            40.607881008493905,
            69.31810730249347,
            33.83784863137726,
            28.30194339616981,
            38.8329756778952
        ],
        [
            71.02112361825881,
            59.53990258641679,
            70.45565981523414,
            58.008620049092706,
            56.32051136131489,
            22.67156809750927,
            37.12142238654117,
            19.72308292331602,
            35.38361202590826,
            0.0,
            67.35725647619564,
            22.02271554554524,
            65.73431371817918,
            69.02897942168927,
            63.41135544995076,
            56.142675390472796
        ],
        [
            82.49242389456137,
            45.5411901469428,
            92.07062506576133,
            85.05292469985967,
            38.3275357934736,
            73.92563831310488,
            48.507731342539614,
            76.02631123499285,
            32.01562118716424,
            67.35725647619564,
            0.0,
            70.3846574190711,
            87.69264507357501,
            3.162277660168379,
            5.0990195135927845,
            48.507731342539614
        ],
        [
            92.20086767487604,
            47.413078364518796,
            48.54894437575342,
            36.05551275463989,
            70.8590149522275,
            3.605551275463989,
            26.248809496813376,
            7.615773105863909,
            40.607881008493905,
            22.02271554554524,
            70.3846574190711,
            0.0,
            43.9089968002003,
            72.80109889280519,
            67.67569726275453,
            42.95346318982906
        ],
        [
            133.6600164596728,
            44.181444068749045,
            5.0,
            8.246211251235321,
            104.23531071570709,
            44.28317965096906,
            42.95346318982906,
            48.84669896727925,
            69.31810730249347,
            65.73431371817918,
            87.69264507357501,
            43.9089968002003,
            0.0,
            90.79647570252934,
            87.47571091451616,
            40.01249804748512
        ],
        [
            81.2219182240853,
            48.703182647543684,
            95.1892851112981,
            88.09086218218096,
            37.05401462729781,
            76.32168761236873,
            51.35172830587107,
            78.29431652425353,
            33.83784863137726,
            69.02897942168927,
            3.162277660168379,
            72.80109889280519,
            90.79647570252934,
            0.0,
            5.656854249492381,
            51.66236541235796
        ],
        [
            77.64663547121665,
            46.518813398452025,
            91.98369420718001,
            84.38009243891595,
            33.54101966249684,
            71.16881339463234,
            47.042533945356304,
            73.00684899377592,
            28.30194339616981,
            63.41135544995076,
            5.0990195135927845,
            67.67569726275453,
            87.47571091451616,
            5.656854249492381,
            0.0,
            49.040799340956916
        ],
        [
            109.41663493271945,
            5.0,
            44.04543109109048,
            39.05124837953327,
            72.13875518748573,
            46.06517122512408,
            19.02629759044045,
            50.566787519082126,
            38.8329756778952,
            56.142675390472796,
            48.507731342539614,
            42.95346318982906,
            40.01249804748512,
            51.66236541235796,
            49.040799340956916,
            0.0
        ]
    ],
    "instance_name": "P-n15-0",
    "max_vehicle_number": 2,
    "vehicle_capacity": 30.0
}