{
    "customer_1": {
        "coordinates": {
            "x": 56.0,
            "y": 67.0
        },
        "demand": 5.0,
        "due_time": 1000.0,
        "ready_time": 0.0,
        "service_time": 5.0
    },
    "customer_10": {
        "coordinates": {
            "x": 70.0,
            "y": 91.0
        },
        "demand": 2.0,
        "due_time": 1000.0,
        "ready_time": 0.0,
        "service_time": 5.0
    },
    "customer_11": {
        "coordinates": {
            "x": 29.0,
            "y": 89.0
        },
        "demand": 5.0,
        "due_time": 1000.0,
        "ready_time": 0.0,
        "service_time": 5.0
    },
    "customer_12": {
        "coordinates": {
            "x": 97.0,
            "y": 56.0
        },
        "demand": 5.0,
        "due_time": 1000.0,
        "ready_time": 0.0,
        "service_time": 5.0
    },
    "customer_13": {
        "coordinates": {
            "x": 76.0,
            "y": 71.0
        },
        "demand": 2.0,
        "due_time": 1000.0,
        "ready_time": 0.0,
        "service_time": 5.0
    },
    "customer_14": {
        "coordinates": {
            "x": 82.0,
            "y": 41.0
        },
        "demand": 2.0,
        "due_time": 1000.0,
        "ready_time": 0.0,
        "service_time": 5.0
    },
    "customer_15": {
        "coordinates": {
            "x": 72.0,
            "y": 64.0
        },
        "demand": 5.0,
        "due_time": 1000.0,
        "ready_time": 0.0,
        "service_time": 5.0
    },
    "customer_16": {
        "coordinates": {
            "x": 9.0,
            "y": 57.0
        },
        "demand": 5.0,
        "due_time": 1000.0,
        "ready_time": 0.0,
        "service_time": 5.0
    },
    "customer_17": {
        "coordinates": {
            "x": 97.0,
            "y": 17.0
        },
        "demand": 2.0,
        "due_time": 1000.0,
        "ready_time": 0.0,
        "service_time": 5.0
    },
    "customer_18": {
        "coordinates": {
            "x": 90.0,
            "y": 36.0
        },
        "demand": 2.0,
        "due_time": 1000.0,
        "ready_time": 0.0,
        "service_time": 5.0
    },
    "customer_19": {
        "coordinates": {
            "x": 3.0,
            "y": 54.0
        },
        "demand": 5.0,
        "due_time": 1000.0,
        "ready_time": 0.0,
        "service_time": 5.0
    },
    "customer_2": {
        "coordinates": {
            "x": 88.0,
            "y": 60.0
        },
        "demand": 5.0,
        "due_time": 1000.0,
        "ready_time": 0.0,
        "service_time": 5.0
    },
    "customer_20": {
        "coordinates": {
            "x": 46.0,
            "y": 4.0
        },
        "demand": 5.0,
        "due_time": 1000.0,
        "ready_time": 0.0,
        "service_time": 5.0
    },
    "customer_3": {
        "coordinates": {
            "x": 67.0,
            "y": 4.0
        },
        "demand": 2.0,
        "due_time": 1000.0,
        "ready_time": 0.0,
        "service_time": 5.0
    },
    "customer_4": {
        "coordinates": {
            "x": 45.0,
            "y": 31.0
        },
        "demand": 2.0,
        "due_time": 1000.0,
        "ready_time": 0.0,
        "service_time": 5.0
    },
    "customer_5": {
        "coordinates": {
            "x": 78.0,
            "y": 39.0
        },
        "demand": 2.0,
        "due_time": 1000.0,
        "ready_time": 0.0,
        "service_time": 5.0
    },
    "customer_6": {
        "coordinates": {
            "x": 39.0,
            "y": 65.0
        },
        "demand": 2.0,
        "due_time": 1000.0,
        "ready_time": 0.0,
        "service_time": 5.0
    },
    "customer_7": {
        "coordinates": {
            "x": 20.0,
            "y": 97.0
        },
        "demand": 2.0,
        "due_time": 1000.0,
        "ready_time": 0.0,
        "service_time": 5.0
    },
    "customer_8": {
        "coordinates": {
            "x": 9.0,
            "y": 47.0
        },
        "demand": 2.0,
        "due_time": 1000.0,
        "ready_time": 0.0,
        "service_time": 5.0
    },
    "customer_9": {
        "coordinates": {
            "x": 30.0,
            "y": 67.0
        },
        "demand": 2.0,
        "due_time": 1000.0,
        "ready_time": 0.0,
        "service_time": 5.0
    },
    "deport": {
        "coordinates": {
            "x": 50.0,
            "y": 50.0
        },
        "demand": 0.0,
        "due_time": 1000.0,
        "ready_time": 0.0,
        "service_time": 5.0
    },
    "distance_matrix": [
        [
            0.0,
            18.027756377319946,
            39.293765408777,
            49.040799340956916,
            19.6468827043885,
            30.083217912982647,
            18.601075237738275,
            55.758407437802596,
            41.10960958218893,
            26.248809496813376,
            45.617978911828175,
            44.294469180700204,
            47.38143096192854,
            33.421549934136806,
            33.24154027718932,
            26.076809620810593,
            41.593268686170845,
            57.428216061444914,
            42.37924020083418,
            47.16990566028302,
            46.17358552246078
        ],
        [
            18.027756377319946,
            0.0,
            32.7566787083184,
            63.953107821277925,
            37.64306044943742,
            35.608987629529715,
            17.11724276862369,
            46.861498055439924,
            51.07837115648854,
            26.0,
            27.784887978899608,
            34.828149534535996,
            42.44997055358225,
            20.396078054371138,
            36.76955262170047,
            16.278820596099706,
            48.05205510693585,
            64.66065264130884,
            46.010868281309364,
            54.57105459856901,
            63.788713735268246
        ],
        [
            39.293765408777,
            32.7566787083184,
            0.0,
            59.80802621722272,
            51.86520991955976,
            23.259406699226012,
            49.25444142409901,
            77.41446893184762,
            80.06247560499239,
            58.42088667591412,
            35.84689665786984,
            65.7419196555744,
            9.848857801796104,
            16.278820596099706,
            19.924858845171276,
            16.492422502470642,
            79.05694150420948,
            43.93176527297759,
            24.08318915758459,
            85.21150157109074,
            70.0
        ],
        [
            49.040799340956916,
            63.953107821277925,
            59.80802621722272,
            0.0,
            34.828149534535996,
            36.68787265568828,
            67.11929677819934,
            104.20172743289815,
            72.20110802473879,
            73.06161783043132,
            87.05170877128145,
            93.1074647920348,
            60.03332407921454,
            67.60177512462228,
            39.92492955535426,
            60.207972893961475,
            78.56844150166147,
            32.69556544854363,
            39.408120990476064,
            81.21576201698781,
            21.0
        ],
        [
            19.6468827043885,
            37.64306044943742,
            51.86520991955976,
            34.828149534535996,
            0.0,
            33.95585369269929,
            34.52535300326414,
            70.57619995437555,
            39.395431207184416,
            39.0,
            65.0,
            60.166435825965294,
            57.697486947006624,
            50.60632371551998,
            38.3275357934736,
            42.638011210655684,
            44.40720662234904,
            53.85164807134504,
            45.27692569068708,
            47.885279575251516,
            27.018512172212592
        ],
        [
            30.083217912982647,
            35.608987629529715,
            23.259406699226012,
            36.68787265568828,
            33.95585369269929,
            0.0,
            46.87216658103186,
            82.02438661763951,
            69.46221994724903,
            55.569775957799216,
            52.61178575186362,
            70.00714249274856,
            25.495097567963924,
            32.0624390837628,
            4.47213595499958,
            25.709920264364882,
            71.30918594402827,
            29.068883707497267,
            12.369316876852983,
            76.48529270389177,
            47.4236228055175
        ],
        [
            18.601075237738275,
            17.11724276862369,
            49.25444142409901,
            67.11929677819934,
            34.52535300326414,
            46.87216658103186,
            0.0,
            37.21558813185679,
            34.9857113690718,
            9.219544457292887,
            40.45985664828782,
            26.0,
            58.69412236331676,
            37.48332962798263,
            49.24428900898052,
            33.015148038438355,
            31.04834939252005,
            75.28612089887484,
            58.66856057549052,
            37.64306044943742,
            61.40032573203501
        ],
        [
            55.758407437802596,
            46.861498055439924,
            77.41446893184762,
            104.20172743289815,
            70.57619995437555,
            82.02438661763951,
            37.21558813185679,
            0.0,
            51.19570294468082,
            31.622776601683793,
            50.35871324805669,
            12.041594578792296,
            87.23531395025755,
            61.741396161732524,
            83.54639429682169,
            61.587336360651285,
            41.48493702538308,
            111.03603018840326,
            92.84934033152847,
            46.238512086787566,
            96.56603957913983
        ],
        [
            41.10960958218893,
            51.07837115648854,
            80.06247560499239,
            72.20110802473879,
            39.395431207184416,
            69.46221994724903,
            34.9857113690718,
            51.19570294468082,
            0.0,
            29.0,
            75.21303078589507,
            46.518813398452025,
            88.45903006477066,
            71.16881339463234,
            73.24616030891995,
            65.25335240430181,
            10.0,
            92.97311439335567,
            81.74350127074322,
            9.219544457292887,
            56.72741841473134
        ],
        [
            26.248809496813376,
            26.0,
            58.42088667591412,
            73.06161783043132,
            39.0,
            55.569775957799216,
            9.219544457292887,
            31.622776601683793,
            29.0,
            0.0,
            46.647615158762406,
            22.02271554554524,
            67.89698078707183,
            46.17358552246078,
            58.137767414994535,
            42.1070065428546,
            23.259406699226012,
            83.60023923410746,
            67.53517601961218,
            29.966648127543394,
            65.0
        ],
        [
            45.617978911828175,
            27.784887978899608,
            35.84689665786984,
            87.05170877128145,
            65.0,
            52.61178575186362,
            40.45985664828782,
            50.35871324805669,
            75.21303078589507,
            46.647615158762406,
            0.0,
            41.048751503547585,
            44.204072210600685,
            20.8806130178211,
            51.419840528729765,
            27.073972741361768,
            69.83552104767315,
            78.77182237323191,
            58.52349955359813,
            76.53757247260981,
            90.24965373894794
        ],
        [
            44.294469180700204,
            34.828149534535996,
            65.7419196555744,
            93.1074647920348,
            60.166435825965294,
            70.00714249274856,
            26.0,
            12.041594578792296,
            46.518813398452025,
            22.02271554554524,
            41.048751503547585,
            0.0,
            75.58438992278762,
            50.32891812864648,
            71.50524456289902,
            49.73932046178355,
            37.73592452822641,
            99.03534722511958,
            80.80841540334768,
            43.60045871318328,
            86.68333173107735
        ],
        [
            47.38143096192854,
            42.44997055358225,
            9.848857801796104,
            60.03332407921454,
            57.697486947006624,
            25.495097567963924,
            58.69412236331676,
            87.23531395025755,
            88.45903006477066,
            67.89698078707183,
            44.204072210600685,
            75.58438992278762,
            0.0,
            25.80697580112788,
            21.213203435596427,
            26.248809496813376,
            88.0056816347672,
            39.0,
            21.18962010041709,
            94.02127418834527,
            72.83543093852057
        ],
        [
            33.421549934136806,
            20.396078054371138,
            16.278820596099706,
            67.60177512462228,
            50.60632371551998,
            32.0624390837628,
            37.48332962798263,
            61.741396161732524,
            71.16881339463234,
            46.17358552246078,
            20.8806130178211,
            50.32891812864648,
            25.80697580112788,
            0.0,
            30.59411708155671,
            8.06225774829855,
            68.4470598345904,
            57.9396237474839,
            37.69615364994153,
            74.95331880577403,
            73.40980860893181
        ],
        [
            33.24154027718932,
            36.76955262170047,
            19.924858845171276,
            39.92492955535426,
            38.3275357934736,
            4.47213595499958,
            49.24428900898052,
            83.54639429682169,
            73.24616030891995,
            58.137767414994535,
            51.419840528729765,
            71.50524456289902,
            21.213203435596427,
            30.59411708155671,
            0.0,
            25.079872407968907,
            74.73285756613352,
            28.30194339616981,
            9.433981132056603,
            80.06247560499239,
            51.62363799656123
        ],
        [
            26.076809620810593,
            16.278820596099706,
            16.492422502470642,
            60.207972893961475,
            42.638011210655684,
            25.709920264364882,
            33.015148038438355,
            61.587336360651285,
            65.25335240430181,
            42.1070065428546,
            27.073972741361768,
            49.73932046178355,
            26.248809496813376,
            8.06225774829855,
            25.079872407968907,
            0.0,
            63.387695966961914,
            53.23532661682466,
            33.28663395418648,
            69.72087205421343,
            65.39113089708727
        ],
        [
            41.593268686170845,
            48.05205510693585,
            79.05694150420948,
            78.56844150166147,
            44.40720662234904,
            71.30918594402827,
            31.04834939252005,
            41.48493702538308,
            10.0,
            23.259406699226012,
            69.83552104767315,
            37.73592452822641,
            88.0056816347672,
            68.4470598345904,
            74.73285756613352,
            63.387695966961914,
            0.0,
            96.66436778875658,
            83.67795408588812,
            6.708203932499369,
            64.63745044476924
        ],
        [
            57.428216061444914,
            64.66065264130884,
            43.93176527297759,
            32.69556544854363,
            53.85164807134504,
            29.068883707497267,
            75.28612089887484,
            111.03603018840326,
            92.97311439335567,
            83.60023923410746,
            78.77182237323191,
            99.03534722511958,
            39.0,
            57.9396237474839,
            28.30194339616981,
            53.23532661682466,
            96.66436778875658,
            0.0,
            20.248456731316587,
            101.01980003939822,
            52.63078946776307
        ],
        [
            42.37924020083418,
            46.010868281309364,
            24.08318915758459,
            39.408120990476064,
            45.27692569068708,
            12.369316876852983,
            58.66856057549052,
            92.84934033152847,
            81.74350127074322,
            67.53517601961218,
            58.52349955359813,
            80.80841540334768,
            21.18962010041709,
            37.69615364994153,
            9.433981132056603,
            33.28663395418648,
            83.67795408588812,
            20.248456731316587,
            0.0,
            88.84255736976509,
            54.405882034941776
        ],
        [
            47.16990566028302,
            54.57105459856901,
            85.21150157109074,
            81.21576201698781,
            47.885279575251516,
            76.48529270389177,
            37.64306044943742,
            46.238512086787566,
            9.219544457292887,
            29.966648127543394,
            76.53757247260981,
            43.60045871318328,
            94.02127418834527,
            74.95331880577403,
            80.06247560499239,
            69.72087205421343,
            6.708203932499369,
            101.01980003939822,
            88.84255736976509,
            0.0,
            65.94694837519019
        ],
        [
            46.17358552246078,
            63.788713735268246,
            70.0,
            21.0,
            27.018512172212592,
            47.4236228055175,
            61.40032573203501,
            96.56603957913983,
            56.72741841473134,
            65.0,
            90.24965373894794,
            86.68333173107735,
            72.83543093852057,
            73.40980860893181,
            51.62363799656123,
            65.39113089708727,
            64.63745044476924,
            52.63078946776307,
            54.405882034941776,
            65.94694837519019,
            0.0
        ]
    ],
    "instance_name": "P-n20-4",
    "max_vehicle_number": 2,
    "vehicle_capacity": 30.0
}