{
    "customer_1": {
        "coordinates": {
            "x": 20.0,
            "y": 69.0
        },
        "demand": 5.0,
        "due_time": 1000.0,
        "ready_time": 0.0,
        "service_time": 5.0
    },
    "customer_10": {
        "coordinates": {
            "x": 97.0,
            "y": 38.0
        },
        "demand": 5.0,
        "due_time": 1000.0,
        "ready_time": 0.0,
        "service_time": 5.0
    },
    "customer_11": {
        "coordinates": {
            "x": 4.0,
            "y": 90.0
        },
        "demand": 5.0,
        "due_time": 1000.0,
        "ready_time": 0.0,
        "service_time": 5.0
    },
    "customer_12": {
        "coordinates": {
            "x": 37.0,
            "y": 67.0
        },
        "demand": 5.0,
        "due_time": 1000.0,
        "ready_time": 0.0,
        "service_time": 5.0
    },
    "customer_13": {
        "coordinates": {
            "x": 41.0,
            "y": 39.0
        },
        "demand": 5.0,
        "due_time": 1000.0,
        "ready_time": 0.0,
        "service_time": 5.0
    },
    "customer_14": {
        "coordinates": {
            "x": 53.0,
            "y": 85.0
        },
        "demand": 5.0,
        "due_time": 1000.0,
        "ready_time": 0.0,
        "service_time": 5.0
    },
    "customer_15": {
        "coordinates": {
            "x": 98.0,
            "y": 76.0
        },
        "demand": 2.0,
        "due_time": 1000.0,
        "ready_time": 0.0,
        "service_time": 5.0
    },
    "customer_16": {
        "coordinates": {
            "x": 41.0,
            "y": 49.0
        },
        "demand": 2.0,
        "due_time": 1000.0,
        "ready_time": 0.0,
        "service_time": 5.0
    },
    "customer_17": {
        "coordinates": {
            "x": 18.0,
            "y": 26.0
        },
        "demand": 2.0,
        "due_time": 1000.0,
        "ready_time": 0.0,
        "service_time": 5.0
    },
    "customer_18": {
        "coordinates": {
            "x": 70.0,
            "y": 7.0
        },
        "demand": 2.0,
        "due_time": 1000.0,
        "ready_time": 0.0,
        "service_time": 5.0
    },
    "customer_19": {
        "coordinates": {
            "x": 44.0,
            "y": 27.0
        },
        "demand": 5.0,
        "due_time": 1000.0,
        "ready_time": 0.0,
        "service_time": 5.0
    },
    "customer_2": {
        "coordinates": {
            "x": 15.0,
            "y": 31.0
        },
        "demand": 2.0,
        "due_time": 1000.0,
        "ready_time": 0.0,
        "service_time": 5.0
    },
    "customer_20": {
        "coordinates": {
            "x": 89.0,
            "y": 25.0
        },
        "demand": 5.0,
        "due_time": 1000.0,
        "ready_time": 0.0,
        "service_time": 5.0
    },
    "customer_3": {
        "coordinates": {
            "x": 9.0,
            "y": 76.0
        },
        "demand": 2.0,
        "due_time": 1000.0,
        "ready_time": 0.0,
        "service_time": 5.0
    },
    "customer_4": {
        "coordinates": {
            "x": 92.0,
            "y": 45.0
        },
        "demand": 2.0,
        "due_time": 1000.0,
        "ready_time": 0.0,
        "service_time": 5.0
    },
    "customer_5": {
        "coordinates": {
            "x": 64.0,
            "y": 23.0
        },
        "demand": 2.0,
        "due_time": 1000.0,
        "ready_time": 0.0,
        "service_time": 5.0
    },
    "customer_6": {
        "coordinates": {
            "x": 66.0,
            "y": 63.0
        },
        "demand": 5.0,
        "due_time": 1000.0,
        "ready_time": 0.0,
        "service_time": 5.0
    },
    "customer_7": {
        "coordinates": {
            "x": 69.0,
            "y": 16.0
        },
        "demand": 5.0,
        "due_time": 1000.0,
        "ready_time": 0.0,
        "service_time": 5.0
    },
    "customer_8": {
        "coordinates": {
            "x": 57.0,
            "y": 8.0
        },
        "demand": 5.0,
        "due_time": 1000.0,
        "ready_time": 0.0,
        "service_time": 5.0
    },
    "customer_9": {
        "coordinates": {
            "x": 75.0,
            "y": 93.0
        },
        "demand": 2.0,
        "due_time": 1000.0,
        "ready_time": 0.0,
        "service_time": 5.0
    },
    "deport": {
        "coordinates": {
            "x": 50.0,
            "y": 50.0
        },
        "demand": 0.0,
        "due_time": 1000.0,
        "ready_time": 0.0,
        "service_time": 5.0
    },
    "distance_matrix": [
        [
            0.0,
            35.510561809129406,
            39.824615503479755,
            48.54894437575342,
            42.2965719651132,
            30.4138126514911,
            20.615528128088304,
            38.948684188300895,
            42.579337712087536,
            49.73932046178355,
            48.507731342539614,
            60.959002616512684,
            21.400934559032695,
            14.212670403551895,
            35.12833614050059,
            54.589376255824725,
            9.055385138137417,
            40.0,
            47.4236228055175,
            23.769728648009426,
            46.32493928760188
        ],
        [
            35.510561809129406,
            0.0,
            38.3275357934736,
            13.038404810405297,
            75.8946638440411,
            63.655321851358195,
            46.389654018972806,
            72.18032973047436,
            71.34423592694787,
            60.00833275470999,
            83.00602387778854,
            26.40075756488817,
            17.11724276862369,
            36.61966684720111,
            36.6742416417845,
            78.31347265956222,
            29.0,
            43.04648650006177,
            79.64923100695951,
            48.373546489791295,
            81.83520025025905
        ],
        [
            39.824615503479755,
            38.3275357934736,
            0.0,
            45.39823785126467,
            78.26237921249263,
            49.64876634922564,
            60.207972893961475,
            56.04462507680822,
            47.885279575251516,
            86.27861844049197,
            82.29823813423954,
            60.01666435249463,
            42.190046219457976,
            27.202941017470888,
            66.03029607687671,
            94.41398201537736,
            31.622776601683793,
            5.830951894845301,
            60.00833275470999,
            29.274562336608895,
            74.24284477308234
        ],
        [
            48.54894437575342,
            13.038404810405297,
            45.39823785126467,
            0.0,
            88.60022573334675,
            76.38062581571324,
            58.463663928973865,
            84.8528137423857,
            83.23460818673925,
            68.15423684555495,
            95.85405573057407,
            14.866068747318506,
            29.410882339705484,
            48.91829923454003,
            44.91102314577124,
            89.0,
            41.86884283091664,
            50.80354318352215,
            92.09777413162601,
            60.21627686929839,
            94.87360012142472
        ],
        [
            42.2965719651132,
            75.8946638440411,
            78.26237921249263,
            88.60022573334675,
            0.0,
            35.608987629529715,
            31.622776601683793,
            37.013511046643494,
            50.93132631298737,
            50.92150822589606,
            8.602325267042627,
            98.8382517044894,
            59.23681287847955,
            51.35172830587107,
            55.86591089385369,
            31.575306807693888,
            51.15662224971465,
            76.40026177965622,
            43.9089968002003,
            51.264022471905186,
            20.223748416156685
        ],
        [
            30.4138126514911,
            63.655321851358195,
            49.64876634922564,
            76.38062581571324,
            35.608987629529715,
            0.0,
            40.04996878900157,
            8.602325267042627,
            16.55294535724685,
            70.8590149522275,
            36.24913792078372,
            89.9388681271896,
            51.62363799656123,
            28.0178514522438,
            62.96824596572466,
            62.96824596572466,
            34.713109915419565,
            46.09772228646444,
            17.08800749063506,
            20.396078054371138,
            25.079872407968907
        ],
        [
            20.615528128088304,
            46.389654018972806,
            60.207972893961475,
            58.463663928973865,
            31.622776601683793,
            40.04996878900157,
            0.0,
            47.095647357266465,
            55.731499172371095,
            31.32091952673165,
            39.824615503479755,
            67.62396025078685,
            29.274562336608895,
            34.655446902326915,
            25.553864678361276,
            34.539832078341085,
            28.653097563788805,
            60.60528029800704,
            56.142675390472796,
            42.190046219457976,
            44.41846462902562
        ],
        [
            38.948684188300895,
            72.18032973047436,
            56.04462507680822,
            84.8528137423857,
            37.013511046643494,
            8.602325267042627,
            47.095647357266465,
            0.0,
            14.422205101855956,
            77.23341245859851,
            35.608987629529715,
            98.49365461794989,
            60.207972893961475,
            36.235341863986875,
            70.83078426785913,
            66.64082832618455,
            43.278170016764804,
            51.97114584074513,
            9.055385138137417,
            27.313000567495326,
            21.93171219946131
        ],
        [
            42.579337712087536,
            71.34423592694787,
            47.885279575251516,
            83.23460818673925,
            50.93132631298737,
            16.55294535724685,
            55.731499172371095,
            14.422205101855956,
            0.0,
            86.88498144098322,
            50.0,
            97.63708311906906,
            62.297672508690084,
            34.88552708502482,
            77.10382610480494,
            79.40403012442127,
            44.01136216933077,
            42.95346318982906,
            13.038404810405297,
            23.021728866442675,
            36.235341863986875
        ],
        [
            49.73932046178355,
            60.00833275470999,
            86.27861844049197,
            68.15423684555495,
            50.92150822589606,
            70.8590149522275,
            31.32091952673165,
            77.23341245859851,
            86.88498144098322,
            0.0,
            59.23681287847955,
            71.06335201775948,
            46.04345773288535,
            63.812224534175265,
            23.40939982143925,
            28.600699292150182,
            55.60575509783138,
            87.96590248499699,
            86.14522621712709,
            72.91776189653656,
            69.42621983083913
        ],
        [
            48.507731342539614,
            83.00602387778854,
            82.29823813423954,
            95.85405573057407,
            8.602325267042627,
            36.24913792078372,
            39.824615503479755,
            35.608987629529715,
            50.0,
            59.23681287847955,
            0.0,
            106.55045753069294,
            66.64082832618455,
            56.00892785976178,
            64.38167441127949,
            38.01315561749642,
            57.0701322935211,
            79.90619500389191,
            41.10960958218893,
            54.12947441089743,
            15.264337522473747
        ],
        [
            60.959002616512684,
            26.40075756488817,
            60.01666435249463,
            14.866068747318506,
            98.8382517044894,
            89.9388681271896,
            67.62396025078685,
            98.49365461794989,
            97.63708311906906,
            71.06335201775948,
            106.55045753069294,
            0.0,
            40.22437072223753,
            63.00793600809346,
            49.25444142409901,
            95.03683496413377,
            55.226805085936306,
            65.5133574166368,
            106.04244433244644,
            74.62573282722254,
            107.00467279516349
        ],
        [
            21.400934559032695,
            17.11724276862369,
            42.190046219457976,
            29.410882339705484,
            59.23681287847955,
            51.62363799656123,
            29.274562336608895,
            60.207972893961475,
            62.297672508690084,
            46.04345773288535,
            66.64082832618455,
            40.22437072223753,
            0.0,
            28.284271247461902,
            24.08318915758459,
            61.66036003787198,
            18.439088914585774,
            45.18849411078001,
            68.47627326307996,
            40.607881008493905,
            66.84309986827361
        ],
        [
            14.212670403551895,
            36.61966684720111,
            27.202941017470888,
            48.91829923454003,
            51.35172830587107,
            28.0178514522438,
            34.655446902326915,
            36.235341863986875,
            34.88552708502482,
            63.812224534175265,
            56.00892785976178,
            63.00793600809346,
            28.284271247461902,
            0.0,
            47.53945729601885,
            67.95586803212802,
            10.0,
            26.419689627245813,
            43.18564576337837,
            12.369316876852983,
            50.0
        ],
        [
            35.12833614050059,
            36.6742416417845,
            66.03029607687671,
            44.91102314577124,
            55.86591089385369,
            62.96824596572466,
            25.553864678361276,
            70.83078426785913,
            77.10382610480494,
            23.40939982143925,
            64.38167441127949,
            49.25444142409901,
            24.08318915758459,
            47.53945729601885,
            0.0,
            45.89117562233506,
            37.94733192202055,
            68.60029154456998,
            79.83107164506812,
            58.69412236331676,
            69.9714227381436
        ],
        [
            54.589376255824725,
            78.31347265956222,
            94.41398201537736,
            89.0,
            31.575306807693888,
            62.96824596572466,
            34.539832078341085,
            66.64082832618455,
            79.40403012442127,
            28.600699292150182,
            38.01315561749642,
            95.03683496413377,
            61.66036003787198,
            67.95586803212802,
            45.89117562233506,
            0.0,
            63.071388124885914,
            94.33981132056604,
            74.46475676452586,
            72.91776189653656,
            51.78802950489621
        ],
        [
            9.055385138137417,
            29.0,
            31.622776601683793,
            41.86884283091664,
            51.15662224971465,
            34.713109915419565,
            28.653097563788805,
            43.278170016764804,
            44.01136216933077,
            55.60575509783138,
            57.0701322935211,
            55.226805085936306,
            18.439088914585774,
            10.0,
            37.94733192202055,
            63.071388124885914,
            0.0,
            32.526911934581186,
            51.03920062069938,
            22.20360331117452,
            53.665631459994955
        ],
        [
            40.0,
            43.04648650006177,
            5.830951894845301,
            50.80354318352215,
            76.40026177965622,
            46.09772228646444,
            60.60528029800704,
            51.97114584074513,
            42.95346318982906,
            87.96590248499699,
            79.90619500389191,
            65.5133574166368,
            45.18849411078001,
            26.419689627245813,
            68.60029154456998,
            94.33981132056604,
            32.526911934581186,
            0.0,
            55.362442142665635,
            26.019223662515376,
            71.00704190430693
        ],
        [
            47.4236228055175,
            79.64923100695951,
            60.00833275470999,
            92.09777413162601,
            43.9089968002003,
            17.08800749063506,
            56.142675390472796,
            9.055385138137417,
            13.038404810405297,
            86.14522621712709,
            41.10960958218893,
            106.04244433244644,
            68.47627326307996,
            43.18564576337837,
            79.83107164506812,
            74.46475676452586,
            51.03920062069938,
            55.362442142665635,
            0.0,
            32.802438933713454,
            26.1725046566048
        ],
        [
            23.769728648009426,
            48.373546489791295,
            29.274562336608895,
            60.21627686929839,
            51.264022471905186,
            20.396078054371138,
            42.190046219457976,
            27.313000567495326,
            23.021728866442675,
            72.91776189653656,
            54.12947441089743,
            74.62573282722254,
            40.607881008493905,
            12.369316876852983,
            58.69412236331676,
            72.91776189653656,
            22.20360331117452,
            26.019223662515376,
            32.802438933713454,
            0.0,
            45.044422518220834
        ],
        [
            46.32493928760188,
            81.83520025025905,
            74.24284477308234,
            94.87360012142472,
            20.223748416156685,
            25.079872407968907,
            44.41846462902562,
            21.93171219946131,
            36.235341863986875,
            69.42621983083913,
            15.264337522473747,
            107.00467279516349,
            66.84309986827361,
            50.0,
            69.9714227381436,
            51.78802950489621,
            53.665631459994955,
            71.00704190430693,
            26.1725046566048,
            45.044422518220834,
            0.0
        ]
    ],
    "instance_name": "P-n20-6",
    "max_vehicle_number": 2,
    "vehicle_capacity": 30.0
}