{
    "customer_1": {
        "coordinates": {
            "x": 32.0,
            "y": 0.0
        },
        "demand": 2.0,
        "due_time": 1000.0,
        "ready_time": 0.0,
        "service_time": 5.0
    },
    "customer_10": {
        "coordinates": {
            "x": 60.0,
            "y": 46.0
        },
        "demand": 2.0,
        "due_time": 1000.0,
        "ready_time": 0.0,
        "service_time": 5.0
    },
    "customer_11": {
        "coordinates": {
            "x": 33.0,
            "y": 32.0
        },
        "demand": 2.0,
        "due_time": 1000.0,
        "ready_time": 0.0,
        "service_time": 5.0
    },
    "customer_12": {
        "coordinates": {
            "x": 35.0,
            "y": 72.0
        },
        "demand": 2.0,
        "due_time": 1000.0,
        "ready_time": 0.0,
        "service_time": 5.0
    },
    "customer_13": {
        "coordinates": {
            "x": 6.0,
            "y": 59.0
        },
        "demand": 2.0,
        "due_time": 1000.0,
        "ready_time": 0.0,
        "service_time": 5.0
    },
    "customer_14": {
        "coordinates": {
            "x": 38.0,
            "y": 44.0
        },
        "demand": 2.0,
        "due_time": 1000.0,
        "ready_time": 0.0,
        "service_time": 5.0
    },
    "customer_15": {
        "coordinates": {
            "x": 93.0,
            "y": 13.0
        },
        "demand": 2.0,
        "due_time": 1000.0,
        "ready_time": 0.0,
        "service_time": 5.0
    },
    "customer_16": {
        "coordinates": {
            "x": 86.0,
            "y": 23.0
        },
        "demand": 2.0,
        "due_time": 1000.0,
        "ready_time": 0.0,
        "service_time": 5.0
    },
    "customer_17": {
        "coordinates": {
            "x": 82.0,
            "y": 38.0
        },
        "demand": 2.0,
        "due_time": 1000.0,
        "ready_time": 0.0,
        "service_time": 5.0
    },
    "customer_18": {
        "coordinates": {
            "x": 1.0,
            "y": 56.0
        },
        "demand": 5.0,
        "due_time": 1000.0,
        "ready_time": 0.0,
        "service_time": 5.0
    },
    "customer_19": {
        "coordinates": {
            "x": 35.0,
            "y": 22.0
        },
        "demand": 5.0,
        "due_time": 1000.0,
        "ready_time": 0.0,
        "service_time": 5.0
    },
    "customer_2": {
        "coordinates": {
            "x": 0.0,
            "y": 62.0
        },
        "demand": 5.0,
        "due_time": 1000.0,
        "ready_time": 0.0,
        "service_time": 5.0
    },
    "customer_20": {
        "coordinates": {
            "x": 62.0,
            "y": 52.0
        },
        "demand": 2.0,
        "due_time": 1000.0,
        "ready_time": 0.0,
        "service_time": 5.0
    },
    "customer_3": {
        "coordinates": {
            "x": 4.0,
            "y": 6.0
        },
        "demand": 2.0,
        "due_time": 1000.0,
        "ready_time": 0.0,
        "service_time": 5.0
    },
    "customer_4": {
        "coordinates": {
            "x": 96.0,
            "y": 65.0
        },
        "demand": 5.0,
        "due_time": 1000.0,
        "ready_time": 0.0,
        "service_time": 5.0
    },
    "customer_5": {
        "coordinates": {
            "x": 98.0,
            "y": 64.0
        },
        "demand": 2.0,
        "due_time": 1000.0,
        "ready_time": 0.0,
        "service_time": 5.0
    },
    "customer_6": {
        "coordinates": {
            "x": 57.0,
            "y": 5.0
        },
        "demand": 5.0,
        "due_time": 1000.0,
        "ready_time": 0.0,
        "service_time": 5.0
    },
    "customer_7": {
        "coordinates": {
            "x": 13.0,
            "y": 53.0
        },
        "demand": 2.0,
        "due_time": 1000.0,
        "ready_time": 0.0,
        "service_time": 5.0
    },
    "customer_8": {
        "coordinates": {
            "x": 65.0,
            "y": 68.0
        },
        "demand": 2.0,
        "due_time": 1000.0,
        "ready_time": 0.0,
        "service_time": 5.0
    },
    "customer_9": {
        "coordinates": {
            "x": 4.0,
            "y": 41.0
        },
        "demand": 2.0,
        "due_time": 1000.0,
        "ready_time": 0.0,
        "service_time": 5.0
    },
    "deport": {
        "coordinates": {
            "x": 0.0,
            "y": 0.0
        },
        "demand": 0.0,
        "due_time": 1000.0,
        "ready_time": 0.0,
        "service_time": 5.0
    },
    "distance_matrix": [
        [
            0.0,
            32.0,
            62.0,
            7.211102550927978,
            115.93532679903913,
            117.04699910719626,
            57.21887800367987,
            54.57105459856901,
            94.06912352095134,
            41.19465984809196,
            75.6042326857432,
            45.967379738244816,
            80.05623023850174,
            59.30430001273095,
            58.137767414994535,
            93.90420650854784,
            89.02246907382428,
            90.37698822156003,
            56.00892785976178,
            41.340053217188775,
            80.91971329657564
        ],
        [
            32.0,
            0.0,
            69.77105417004964,
            28.635642126552707,
            91.21951545584969,
            91.93475947648963,
            25.495097567963924,
            56.30275304103699,
            75.58438992278762,
            49.64876634922564,
            53.85164807134504,
            32.01562118716424,
            72.06247289678588,
            64.47480127925948,
            44.40720662234904,
            62.369864518050704,
            58.69412236331676,
            62.80127387243033,
            64.00781202322104,
            22.20360331117452,
            60.03332407921454
        ],
        [
            62.0,
            69.77105417004964,
            0.0,
            56.142675390472796,
            96.04686356149273,
            98.02040603874278,
            80.61017305526642,
            15.811388300841896,
            65.27633568147036,
            21.37755832643195,
            62.0966987850401,
            44.598206241955516,
            36.40054944640259,
            6.708203932499369,
            42.04759208325728,
            105.1189802081432,
            94.42986815621421,
            85.44003745317531,
            6.082762530298219,
            53.150729063673246,
            62.80127387243033
        ],
        [
            7.211102550927978,
            28.635642126552707,
            56.142675390472796,
            0.0,
            109.29318368498559,
            110.45361017187261,
            53.009433122794285,
            47.853944456021594,
            86.97700845625813,
            35.0,
            68.81860213634101,
            38.948684188300895,
            72.91776189653656,
            53.03772242470448,
            50.99019513592785,
            89.27485648266257,
            83.74365647617735,
            84.30895563343196,
            50.08991914547278,
            34.88552708502482,
            74.02702209328699
        ],
        [
            115.93532679903913,
            91.21951545584969,
            96.04686356149273,
            109.29318368498559,
            0.0,
            2.23606797749979,
            71.56116265125938,
            83.86298349093002,
            31.144823004794873,
            95.0789145920377,
            40.70626487409524,
            71.11961754677819,
            61.40032573203501,
            90.19977827023745,
            61.68468205316454,
            52.08646657242167,
            43.174066289845804,
            30.4138126514911,
            95.42536350467836,
            74.63243262818116,
            36.40054944640259
        ],
        [
            117.04699910719626,
            91.93475947648963,
            98.02040603874278,
            110.45361017187261,
            2.23606797749979,
            0.0,
            71.84705978674423,
            85.70880934886449,
            33.24154027718932,
            96.77293009927931,
            42.04759208325728,
            72.44998274671983,
            63.50590523722971,
            92.13576938409967,
            63.245553203367585,
            51.24451190127583,
            42.720018726587654,
            30.528675044947494,
            97.32933781753577,
            75.71657678474378,
            37.94733192202055
        ],
        [
            57.21887800367987,
            25.495097567963924,
            80.61017305526642,
            53.009433122794285,
            71.56116265125938,
            71.84705978674423,
            0.0,
            65.11528238439882,
            63.50590523722971,
            64.07027391856539,
            41.10960958218893,
            36.124783736376884,
            70.51950084905593,
            74.27651041883968,
            43.382023926967726,
            36.87817782917155,
            34.132096331752024,
            41.400483088968905,
            75.7429864739964,
            27.80287754891569,
            47.265209192385896
        ],
        [
            54.57105459856901,
            56.30275304103699,
            15.811388300841896,
            47.853944456021594,
            83.86298349093002,
            85.70880934886449,
            65.11528238439882,
            0.0,
            54.120236510939236,
            15.0,
            47.51841748206689,
            29.0,
            29.068883707497267,
            9.219544457292887,
            26.570660511172843,
            89.44271909999159,
            78.92401408950256,
            70.61161377563892,
            12.369316876852983,
            38.01315561749642,
            49.01020301937139
        ],
        [
            94.06912352095134,
            75.58438992278762,
            65.27633568147036,
            86.97700845625813,
            31.144823004794873,
            33.24154027718932,
            63.50590523722971,
            54.120236510939236,
            0.0,
            66.70832032063167,
            22.561028345356956,
            48.16637831516918,
            30.265491900843113,
            59.682493245507096,
            36.124783736376884,
            61.71709649683789,
            49.658836071740545,
            34.48187929913333,
            65.11528238439882,
            54.91812087098392,
            16.278820596099706
        ],
        [
            41.19465984809196,
            49.64876634922564,
            21.37755832643195,
            35.0,
            95.0789145920377,
            96.77293009927931,
            64.07027391856539,
            15.0,
            66.70832032063167,
            0.0,
            56.22277118748239,
            30.364452901377952,
            43.840620433565945,
            18.110770276274835,
            34.132096331752024,
            93.30058949438637,
            83.95236744726142,
            78.05767098754613,
            15.297058540778355,
            36.359317925395686,
            59.033888572581766
        ],
        [
            75.6042326857432,
            53.85164807134504,
            62.0966987850401,
            68.81860213634101,
            40.70626487409524,
            42.04759208325728,
            41.10960958218893,
            47.51841748206689,
            22.561028345356956,
            56.22277118748239,
            0.0,
            30.4138126514911,
            36.069377593742864,
            55.54277630799526,
            22.090722034374522,
            46.66904755831214,
            34.713109915419565,
            23.40939982143925,
            59.841457201508724,
            34.655446902326915,
            6.324555320336758
        ],
        [
            45.967379738244816,
            32.01562118716424,
            44.598206241955516,
            38.948684188300895,
            71.11961754677819,
            72.44998274671983,
            36.124783736376884,
            29.0,
            48.16637831516918,
            30.364452901377952,
            30.4138126514911,
            0.0,
            40.04996878900157,
            38.18376618407357,
            13.0,
            62.93647591023825,
            53.75872022286245,
            49.36598018878993,
            40.0,
            10.198039027185569,
            35.22782990761707
        ],
        [
            80.05623023850174,
            72.06247289678588,
            36.40054944640259,
            72.91776189653656,
            61.40032573203501,
            63.50590523722971,
            70.51950084905593,
            29.068883707497267,
            30.265491900843113,
            43.840620433565945,
            36.069377593742864,
            40.04996878900157,
            0.0,
            31.78049716414141,
            28.160255680657446,
            82.73451516749222,
            70.7248188403477,
            58.008620049092706,
            37.57658845611187,
            50.0,
            33.60059523282288
        ],
        [
            59.30430001273095,
            64.47480127925948,
            6.708203932499369,
            53.03772242470448,
            90.19977827023745,
            92.13576938409967,
            74.27651041883968,
            9.219544457292887,
            59.682493245507096,
            18.110770276274835,
            55.54277630799526,
            38.18376618407357,
            31.78049716414141,
            0.0,
            35.34119409414458,
            98.41239759298622,
            87.72684879784524,
            78.84795495128583,
            5.830951894845301,
            47.01063709417264,
            56.435804238089844
        ],
        [
            58.137767414994535,
            44.40720662234904,
            42.04759208325728,
            50.99019513592785,
            61.68468205316454,
            63.245553203367585,
            43.382023926967726,
            26.570660511172843,
            36.124783736376884,
            34.132096331752024,
            22.090722034374522,
            13.0,
            28.160255680657446,
            35.34119409414458,
            0.0,
            63.13477647065839,
            52.392747589718944,
            44.40720662234904,
            38.897300677553446,
            22.20360331117452,
            25.298221281347036
        ],
        [
            93.90420650854784,
            62.369864518050704,
            105.1189802081432,
            89.27485648266257,
            52.08646657242167,
            51.24451190127583,
            36.87817782917155,
            89.44271909999159,
            61.71709649683789,
            93.30058949438637,
            46.66904755831214,
            62.93647591023825,
            82.73451516749222,
            98.41239759298622,
            63.13477647065839,
            0.0,
            12.206555615733704,
            27.313000567495326,
            101.55294185792945,
            58.69412236331676,
            49.8196748283246
        ],
        [
            89.02246907382428,
            58.69412236331676,
            94.42986815621421,
            83.74365647617735,
            43.174066289845804,
            42.720018726587654,
            34.132096331752024,
            78.92401408950256,
            49.658836071740545,
            83.95236744726142,
            34.713109915419565,
            53.75872022286245,
            70.7248188403477,
            87.72684879784524,
            52.392747589718944,
            12.206555615733704,
            0.0,
            15.524174696260024,
            91.18113840043894,
            51.0098029794274,
            37.64306044943742
        ],
        [
            90.37698822156003,
            62.80127387243033,
            85.44003745317531,
            84.30895563343196,
            30.4138126514911,
            30.528675044947494,
            41.400483088968905,
            70.61161377563892,
            34.48187929913333,
            78.05767098754613,
            23.40939982143925,
            49.36598018878993,
            58.008620049092706,
            78.84795495128583,
            44.40720662234904,
            27.313000567495326,
            15.524174696260024,
            0.0,
            82.97590011563598,
            49.64876634922564,
            24.413111231467408
        ],
        [
            56.00892785976178,
            64.00781202322104,
            6.082762530298219,
            50.08991914547278,
            95.42536350467836,
            97.32933781753577,
            75.7429864739964,
            12.369316876852983,
            65.11528238439882,
            15.297058540778355,
            59.841457201508724,
            40.0,
            37.57658845611187,
            5.830951894845301,
            38.897300677553446,
            101.55294185792945,
            91.18113840043894,
            82.97590011563598,
            0.0,
            48.08326112068523,
            61.1310068623117
        ],
        [
            41.340053217188775,
            22.20360331117452,
            53.150729063673246,
            34.88552708502482,
            74.63243262818116,
            75.71657678474378,
            27.80287754891569,
            38.01315561749642,
            54.91812087098392,
            36.359317925395686,
            34.655446902326915,
            10.198039027185569,
            50.0,
            47.01063709417264,
            22.20360331117452,
            58.69412236331676,
            51.0098029794274,
            49.64876634922564,
            48.08326112068523,
            0.0,
            40.36087214122113
        ],
        [
            80.91971329657564,
            60.03332407921454,
            62.80127387243033,
            74.02702209328699,
            36.40054944640259,
            37.94733192202055,
            47.265209192385896,
            49.01020301937139,
            16.278820596099706,
            59.033888572581766,
            6.324555320336758,
            35.22782990761707,
            33.60059523282288,
            56.435804238089844,
            25.298221281347036,
            49.8196748283246,
            37.64306044943742,
            24.413111231467408,
            61.1310068623117,
            40.36087214122113,
            0.0
        ]
    ],
    "instance_name": "P-n20-2",
    "max_vehicle_number": 2,
    "vehicle_capacity": 30.0
}