{
    "customer_1": {
        "coordinates": {
            "x": 83.0,
            "y": 63.0
        },
        "demand": 5.0,
        "due_time": 1000.0,
        "ready_time": 0.0,
        "service_time": 5.0
    },
    "customer_10": {
        "coordinates": {
            "x": 16.0,
            "y": 27.0
        },
        "demand": 5.0,
        "due_time": 1000.0,
        "ready_time": 0.0,
        "service_time": 5.0
    },
    "customer_11": {
        "coordinates": {
            "x": 53.0,
            "y": 27.0
        },
        "demand": 2.0,
        "due_time": 1000.0,
        "ready_time": 0.0,
        "service_time": 5.0
    },
    "customer_12": {
        "coordinates": {
            "x": 15.0,
            "y": 96.0
        },
        "demand": 5.0,
        "due_time": 1000.0,
        "ready_time": 0.0,
        "service_time": 5.0
    },
    "customer_13": {
        "coordinates": {
            "x": 67.0,
            "y": 84.0
        },
        "demand": 5.0,
        "due_time": 1000.0,
        "ready_time": 0.0,
        "service_time": 5.0
    },
    "customer_14": {
        "coordinates": {
            "x": 6.0,
            "y": 39.0
        },
        "demand": 2.0,
        "due_time": 1000.0,
        "ready_time": 0.0,
        "service_time": 5.0
    },
    "customer_15": {
        "coordinates": {
            "x": 11.0,
            "y": 80.0
        },
        "demand": 5.0,
        "due_time": 1000.0,
        "ready_time": 0.0,
        "service_time": 5.0
    },
    "customer_16": {
        "coordinates": {
            "x": 43.0,
            "y": 86.0
        },
        "demand": 5.0,
        "due_time": 1000.0,
        "ready_time": 0.0,
        "service_time": 5.0
    },
    "customer_17": {
        "coordinates": {
            "x": 22.0,
            "y": 4.0
        },
        "demand": 2.0,
        "due_time": 1000.0,
        "ready_time": 0.0,
        "service_time": 5.0
    },
    "customer_18": {
        "coordinates": {
            "x": 67.0,
            "y": 3.0
        },
        "demand": 5.0,
        "due_time": 1000.0,
        "ready_time": 0.0,
        "service_time": 5.0
    },
    "customer_19": {
        "coordinates": {
            "x": 72.0,
            "y": 6.0
        },
        "demand": 2.0,
        "due_time": 1000.0,
        "ready_time": 0.0,
        "service_time": 5.0
    },
    "customer_2": {
        "coordinates": {
            "x": 4.0,
            "y": 48.0
        },
        "demand": 2.0,
        "due_time": 1000.0,
        "ready_time": 0.0,
        "service_time": 5.0
    },
    "customer_20": {
        "coordinates": {
            "x": 70.0,
            "y": 52.0
        },
        "demand": 2.0,
        "due_time": 1000.0,
        "ready_time": 0.0,
        "service_time": 5.0
    },
    "customer_3": {
        "coordinates": {
            "x": 88.0,
            "y": 5.0
        },
        "demand": 5.0,
        "due_time": 1000.0,
        "ready_time": 0.0,
        "service_time": 5.0
    },
    "customer_4": {
        "coordinates": {
            "x": 43.0,
            "y": 46.0
        },
        "demand": 2.0,
        "due_time": 1000.0,
        "ready_time": 0.0,
        "service_time": 5.0
    },
    "customer_5": {
        "coordinates": {
            "x": 90.0,
            "y": 31.0
        },
        "demand": 2.0,
        "due_time": 1000.0,
        "ready_time": 0.0,
        "service_time": 5.0
    },
    "customer_6": {
        "coordinates": {
            "x": 21.0,
            "y": 62.0
        },
        "demand": 5.0,
        "due_time": 1000.0,
        "ready_time": 0.0,
        "service_time": 5.0
    },
    "customer_7": {
        "coordinates": {
            "x": 15.0,
            "y": 89.0
        },
        "demand": 5.0,
        "due_time": 1000.0,
        "ready_time": 0.0,
        "service_time": 5.0
    },
    "customer_8": {
        "coordinates": {
            "x": 75.0,
            "y": 46.0
        },
        "demand": 5.0,
        "due_time": 1000.0,
        "ready_time": 0.0,
        "service_time": 5.0
    },
    "customer_9": {
        "coordinates": {
            "x": 54.0,
            "y": 46.0
        },
        "demand": 2.0,
        "due_time": 1000.0,
        "ready_time": 0.0,
        "service_time": 5.0
    },
    "deport": {
        "coordinates": {
            "x": 0.0,
            "y": 0.0
        },
        "demand": 0.0,
        "due_time": 1000.0,
        "ready_time": 0.0,
        "service_time": 5.0
    },
    "distance_matrix": [
        [
            0.0,
            104.20172743289815,
            48.16637831516918,
            88.14193099768123,
            62.96824596572466,
            95.1892851112981,
            65.45991139621256,
            90.25519375637062,
            87.98295289429652,
            70.9365914038728,
            31.38470965295043,
            59.481089431852205,
            97.16480844420988,
            107.44766167767449,
            39.45883931389771,
            80.75270893288967,
            96.15092303249095,
            22.360679774997898,
            67.06713054842886,
            72.24956747275377,
            87.20091742636656
        ],
        [
            104.20172743289815,
            0.0,
            80.4114419718985,
            58.215118311311535,
            43.46262762420146,
            32.7566787083184,
            62.00806399170998,
            72.80109889280519,
            18.788294228055936,
            33.61547262794322,
            76.05918747922568,
            46.861498055439924,
            75.58438992278762,
            26.40075756488817,
            80.65358020571685,
            73.97972695272672,
            46.14108798023731,
            84.86459803710851,
            62.0966987850401,
            58.051701094799974,
            17.029386365926403
        ],
        [
            48.16637831516918,
            80.4114419718985,
            0.0,
            94.36630754670864,
            39.05124837953327,
            87.66413177577247,
            22.02271554554524,
            42.44997055358225,
            71.02816342831905,
            50.039984012787215,
            24.186773244895647,
            53.31041174104736,
            49.24428900898052,
            72.56031973468694,
            9.219544457292887,
            32.7566787083184,
            54.45181356024793,
            47.53945729601885,
            77.42092740338364,
            79.92496481075234,
            66.12110101926616
        ],
        [
            88.14193099768123,
            58.215118311311535,
            94.36630754670864,
            0.0,
            60.876925020897694,
            26.076809620810593,
            87.96590248499699,
            111.28791488746656,
            43.01162633521314,
            53.2634959423431,
            75.28612089887484,
            41.340053217188775,
            116.66190466471906,
            81.74350127074322,
            88.76936408468859,
            107.48953437428223,
            92.66067126888301,
            66.007575322837,
            21.095023109728988,
            16.0312195418814,
            50.32891812864648
        ],
        [
            62.96824596572466,
            43.46262762420146,
            39.05124837953327,
            60.876925020897694,
            0.0,
            49.33558553417604,
            27.202941017470888,
            51.31276644267,
            32.0,
            11.0,
            33.015148038438355,
            21.470910553583888,
            57.30619512757761,
            44.94441010848846,
            37.656340767525464,
            46.69047011971501,
            40.0,
            46.95742752749558,
            49.24428900898052,
            49.406477308142506,
            27.65863337187866
        ],
        [
            95.1892851112981,
            32.7566787083184,
            87.66413177577247,
            26.076809620810593,
            49.33558553417604,
            0.0,
            75.64390259630977,
            94.81033698917012,
            21.213203435596427,
            39.0,
            74.10802925459562,
            37.21558813185679,
            99.24716620639603,
            57.77542730261716,
            84.38009243891595,
            92.9623579735368,
            72.34638899074369,
            73.16419889536138,
            36.235341863986875,
            30.805843601498726,
            29.0
        ],
        [
            65.45991139621256,
            62.00806399170998,
            22.02271554554524,
            87.96590248499699,
            27.202941017470888,
            75.64390259630977,
            0.0,
            27.65863337187866,
            56.32051136131489,
            36.6742416417845,
            35.35533905932738,
            47.4236228055175,
            34.52535300326414,
            50.99019513592785,
            27.45906043549196,
            20.591260281974,
            32.55764119219941,
            58.008620049092706,
            74.81310045707235,
            75.7429864739964,
            50.009999000199954
        ],
        [
            90.25519375637062,
            72.80109889280519,
            42.44997055358225,
            111.28791488746656,
            51.31276644267,
            94.81033698917012,
            27.65863337187866,
            0.0,
            73.81734213584231,
            58.051701094799974,
            62.00806399170998,
            72.71863585079137,
            7.0,
            52.23983154643591,
            50.80354318352215,
            9.848857801796104,
            28.160255680657446,
            85.28774824088158,
            100.4987562112089,
            100.687635785135,
            66.2872536767062
        ],
        [
            87.98295289429652,
            18.788294228055936,
            71.02816342831905,
            43.01162633521314,
            32.0,
            21.213203435596427,
            56.32051136131489,
            73.81734213584231,
            0.0,
            21.0,
            61.98386886924694,
            29.068883707497267,
            78.10249675906654,
            38.8329756778952,
            69.35416353759881,
            72.47068372797375,
            51.22499389946279,
            67.62396025078685,
            43.73785545725808,
            40.11234224026316,
            7.810249675906654
        ],
        [
            70.9365914038728,
            33.61547262794322,
            50.039984012787215,
            53.2634959423431,
            11.0,
            39.0,
            36.6742416417845,
            58.051701094799974,
            21.0,
            0.0,
            42.485291572496,
            19.02629759044045,
            63.41135544995076,
            40.162171256046406,
            48.507731342539614,
            54.817880294662984,
            41.48493702538308,
            52.80151512977634,
            44.9221548904324,
            43.86342439892262,
            17.08800749063506
        ],
        [
            31.38470965295043,
            76.05918747922568,
            24.186773244895647,
            75.28612089887484,
            33.015148038438355,
            74.10802925459562,
            35.35533905932738,
            62.00806399170998,
            61.98386886924694,
            42.485291572496,
            0.0,
            37.0,
            69.00724599634447,
            76.48529270389177,
            15.620499351813308,
            53.23532661682466,
            64.88451279003334,
            23.769728648009426,
            56.36488268416781,
            59.80802621722272,
            59.506302187247364
        ],
        [
            59.481089431852205,
            46.861498055439924,
            53.31041174104736,
            41.340053217188775,
            21.470910553583888,
            37.21558813185679,
            47.4236228055175,
            72.71863585079137,
            29.068883707497267,
            19.02629759044045,
            37.0,
            0.0,
            78.77182237323191,
            58.69412236331676,
            48.507731342539614,
            67.62396025078685,
            59.841457201508724,
            38.600518131237564,
            27.784887978899608,
            28.319604517012593,
            30.23243291566195
        ],
        [
            97.16480844420988,
            75.58438992278762,
            49.24428900898052,
            116.66190466471906,
            57.30619512757761,
            99.24716620639603,
            34.52535300326414,
            7.0,
            78.10249675906654,
            63.41135544995076,
            69.00724599634447,
            78.77182237323191,
            0.0,
            53.36665625650534,
            57.706152185014034,
            16.492422502470642,
            29.732137494637012,
            92.26592003551474,
            106.55045753069294,
            106.53168542738823,
            70.43436661176133
        ],
        [
            107.44766167767449,
            26.40075756488817,
            72.56031973468694,
            81.74350127074322,
            44.94441010848846,
            57.77542730261716,
            50.99019513592785,
            52.23983154643591,
            38.8329756778952,
            40.162171256046406,
            76.48529270389177,
            58.69412236331676,
            53.36665625650534,
            0.0,
            75.8023746329889,
            56.142675390472796,
            24.08318915758459,
            91.7877987534291,
            81.0,
            78.16009211867653,
            32.14031735997639
        ],
        [
            39.45883931389771,
            80.65358020571685,
            9.219544457292887,
            88.76936408468859,
            37.656340767525464,
            84.38009243891595,
            27.45906043549196,
            50.80354318352215,
            69.35416353759881,
            48.507731342539614,
            15.620499351813308,
            48.507731342539614,
            57.706152185014034,
            75.8023746329889,
            0.0,
            41.30375285612676,
            59.81638571495272,
            38.48376280978771,
            70.83078426785913,
            73.79024325749306,
            65.30696746902278
        ],
        [
            80.75270893288967,
            73.97972695272672,
            32.7566787083184,
            107.48953437428223,
            46.69047011971501,
            92.9623579735368,
            20.591260281974,
            9.848857801796104,
            72.47068372797375,
            54.817880294662984,
            53.23532661682466,
            67.62396025078685,
            16.492422502470642,
            56.142675390472796,
            41.30375285612676,
            0.0,
            32.55764119219941,
            76.79192665899195,
            95.2102935611481,
            95.90099061010788,
            65.30696746902278
        ],
        [
            96.15092303249095,
            46.14108798023731,
            54.45181356024793,
            92.66067126888301,
            40.0,
            72.34638899074369,
            32.55764119219941,
            28.160255680657446,
            51.22499389946279,
            41.48493702538308,
            64.88451279003334,
            59.841457201508724,
            29.732137494637012,
            24.08318915758459,
            59.81638571495272,
            32.55764119219941,
            0.0,
            84.64632301523794,
            86.40023148117139,
            85.09406559801923,
            43.41658669218482
        ],
        [
            22.360679774997898,
            84.86459803710851,
            47.53945729601885,
            66.007575322837,
            46.95742752749558,
            73.16419889536138,
            58.008620049092706,
            85.28774824088158,
            67.62396025078685,
            52.80151512977634,
            23.769728648009426,
            38.600518131237564,
            92.26592003551474,
            91.7877987534291,
            38.48376280978771,
            76.79192665899195,
            84.64632301523794,
            0.0,
            45.0111097397076,
            50.039984012787215,
            67.88225099390856
        ],
        [
            67.06713054842886,
            62.0966987850401,
            77.42092740338364,
            21.095023109728988,
            49.24428900898052,
            36.235341863986875,
            74.81310045707235,
            100.4987562112089,
            43.73785545725808,
            44.9221548904324,
            56.36488268416781,
            27.784887978899608,
            106.55045753069294,
            81.0,
            70.83078426785913,
            95.2102935611481,
            86.40023148117139,
            45.0111097397076,
            0.0,
            5.830951894845301,
            49.09175083453431
        ],
        [
            72.24956747275377,
            58.051701094799974,
            79.92496481075234,
            16.0312195418814,
            49.406477308142506,
            30.805843601498726,
            75.7429864739964,
            100.687635785135,
            40.11234224026316,
            43.86342439892262,
            59.80802621722272,
            28.319604517012593,
            106.53168542738823,
            78.16009211867653,
            73.79024325749306,
            95.90099061010788,
            85.09406559801923,
            50.039984012787215,
            5.830951894845301,
            0.0,
            46.04345773288535
        ],
        [
            87.20091742636656,
            17.029386365926403,
            66.12110101926616,
            50.32891812864648,
            27.65863337187866,
            29.0,
            50.009999000199954,
            66.2872536767062,
            7.810249675906654,
            17.08800749063506,
            59.506302187247364,
            30.23243291566195,
            70.43436661176133,
            32.14031735997639,
            65.30696746902278,
            65.30696746902278,
            43.41658669218482,
            67.88225099390856,
            49.09175083453431,
            46.04345773288535,
            0.0
        ]
    ],
    "instance_name": "P-n20-5",
    "max_vehicle_number": 2,
    "vehicle_capacity": 30.0
}