{
    "customer_1": {
        "coordinates": {
            "x": 26.0,
            "y": 93.0
        },
        "demand": 2.0,
        "due_time": 1000.0,
        "ready_time": 0.0,
        "service_time": 5.0
    },
    "customer_10": {
        "coordinates": {
            "x": 77.0,
            "y": 53.0
        },
        "demand": 2.0,
        "due_time": 1000.0,
        "ready_time": 0.0,
        "service_time": 5.0
    },
    "customer_11": {
        "coordinates": {
            "x": 32.0,
            "y": 71.0
        },
        "demand": 2.0,
        "due_time": 1000.0,
        "ready_time": 0.0,
        "service_time": 5.0
    },
    "customer_12": {
        "coordinates": {
            "x": 83.0,
            "y": 21.0
        },
        "demand": 2.0,
        "due_time": 1000.0,
        "ready_time": 0.0,
        "service_time": 5.0
    },
    "customer_13": {
        "coordinates": {
            "x": 60.0,
            "y": 89.0
        },
        "demand": 5.0,
        "due_time": 1000.0,
        "ready_time": 0.0,
        "service_time": 5.0
    },
    "customer_14": {
        "coordinates": {
            "x": 30.0,
            "y": 69.0
        },
        "demand": 2.0,
        "due_time": 1000.0,
        "ready_time": 0.0,
        "service_time": 5.0
    },
    "customer_15": {
        "coordinates": {
            "x": 19.0,
            "y": 99.0
        },
        "demand": 2.0,
        "due_time": 1000.0,
        "ready_time": 0.0,
        "service_time": 5.0
    },
    "customer_16": {
        "coordinates": {
            "x": 95.0,
            "y": 92.0
        },
        "demand": 2.0,
        "due_time": 1000.0,
        "ready_time": 0.0,
        "service_time": 5.0
    },
    "customer_17": {
        "coordinates": {
            "x": 51.0,
            "y": 71.0
        },
        "demand": 2.0,
        "due_time": 1000.0,
        "ready_time": 0.0,
        "service_time": 5.0
    },
    "customer_18": {
        "coordinates": {
            "x": 8.0,
            "y": 72.0
        },
        "demand": 2.0,
        "due_time": 1000.0,
        "ready_time": 0.0,
        "service_time": 5.0
    },
    "customer_19": {
        "coordinates": {
            "x": 2.0,
            "y": 99.0
        },
        "demand": 5.0,
        "due_time": 1000.0,
        "ready_time": 0.0,
        "service_time": 5.0
    },
    "customer_2": {
        "coordinates": {
            "x": 47.0,
            "y": 86.0
        },
        "demand": 5.0,
        "due_time": 1000.0,
        "ready_time": 0.0,
        "service_time": 5.0
    },
    "customer_20": {
        "coordinates": {
            "x": 87.0,
            "y": 34.0
        },
        "demand": 2.0,
        "due_time": 1000.0,
        "ready_time": 0.0,
        "service_time": 5.0
    },
    "customer_3": {
        "coordinates": {
            "x": 24.0,
            "y": 24.0
        },
        "demand": 5.0,
        "due_time": 1000.0,
        "ready_time": 0.0,
        "service_time": 5.0
    },
    "customer_4": {
        "coordinates": {
            "x": 67.0,
            "y": 1.0
        },
        "demand": 5.0,
        "due_time": 1000.0,
        "ready_time": 0.0,
        "service_time": 5.0
    },
    "customer_5": {
        "coordinates": {
            "x": 19.0,
            "y": 10.0
        },
        "demand": 2.0,
        "due_time": 1000.0,
        "ready_time": 0.0,
        "service_time": 5.0
    },
    "customer_6": {
        "coordinates": {
            "x": 82.0,
            "y": 14.0
        },
        "demand": 5.0,
        "due_time": 1000.0,
        "ready_time": 0.0,
        "service_time": 5.0
    },
    "customer_7": {
        "coordinates": {
            "x": 40.0,
            "y": 85.0
        },
        "demand": 2.0,
        "due_time": 1000.0,
        "ready_time": 0.0,
        "service_time": 5.0
    },
    "customer_8": {
        "coordinates": {
            "x": 83.0,
            "y": 37.0
        },
        "demand": 5.0,
        "due_time": 1000.0,
        "ready_time": 0.0,
        "service_time": 5.0
    },
    "customer_9": {
        "coordinates": {
            "x": 48.0,
            "y": 100.0
        },
        "demand": 2.0,
        "due_time": 1000.0,
        "ready_time": 0.0,
        "service_time": 5.0
    },
    "deport": {
        "coordinates": {
            "x": 0.0,
            "y": 0.0
        },
        "demand": 0.0,
        "due_time": 1000.0,
        "ready_time": 0.0,
        "service_time": 5.0
    },
    "distance_matrix": [
        [
            0.0,
            96.56603957913983,
            98.00510190801293,
            33.94112549695428,
            67.00746227100382,
            21.470910553583888,
            83.18653737234169,
            93.94147114027967,
            90.87353850269065,
            110.92339699089638,
            93.47726996441435,
            77.87810988975015,
            85.61541917201598,
            107.33592129385204,
            75.23961722390672,
            100.80674580602232,
            132.24598292575845,
            87.41853350405736,
            72.44308110509934,
            99.02019995940222,
            93.40770846134703
        ],
        [
            96.56603957913983,
            0.0,
            22.135943621178654,
            69.02897942168927,
            100.72239075796404,
            83.2946576918352,
            96.83491106000976,
            16.1245154965971,
            79.90619500389191,
            23.08679276123039,
            64.81512169239521,
            22.80350850198276,
            91.8313671900838,
            34.23448553724738,
            24.331050121192877,
            9.219544457292887,
            69.00724599634447,
            33.301651610693426,
            27.65863337187866,
            24.738633753705965,
            84.86459803710851
        ],
        [
            98.00510190801293,
            22.135943621178654,
            0.0,
            66.12866246946176,
            87.32124598286491,
            80.99382692526635,
            80.05623023850174,
            7.0710678118654755,
            60.802960454241045,
            14.035668847618199,
            44.598206241955516,
            21.213203435596427,
            74.30343195303969,
            13.341664064126334,
            24.041630560342615,
            30.870698080866262,
            48.373546489791295,
            15.524174696260024,
            41.43669871020133,
            46.84015371452148,
            65.60487786742691
        ],
        [
            33.94112549695428,
            69.02897942168927,
            66.12866246946176,
            0.0,
            48.76474136094644,
            14.866068747318506,
            58.855755878248644,
            63.06346010171025,
            60.41522986797286,
            79.6994353806851,
            60.41522986797286,
            47.67598976424087,
            59.07622195096772,
            74.30343195303969,
            45.39823785126467,
            75.16648189186454,
            98.3107318658548,
            54.20332093147061,
            50.59644256269407,
            78.16009211867653,
            63.788713735268246
        ],
        [
            67.00746227100382,
            100.72239075796404,
            87.32124598286491,
            48.76474136094644,
            0.0,
            48.83646178829912,
            19.849433241279208,
            88.23264701911646,
            39.395431207184416,
            100.80674580602232,
            52.952809179494906,
            78.26237921249263,
            25.612496949731394,
            88.2779700718135,
            77.41446893184762,
            109.12378292562992,
            95.2102935611481,
            71.80529228406496,
            92.31467922275417,
            117.5967686630887,
            38.58756276314948
        ],
        [
            21.470910553583888,
            83.2946576918352,
            80.99382692526635,
            14.866068747318506,
            48.83646178829912,
            0.0,
            63.12685640834652,
            77.88452991448302,
            69.46221994724903,
            94.5568612000208,
            72.20110802473879,
            62.369864518050704,
            64.93843238021688,
            89.00561780022652,
            60.01666435249463,
            89.0,
            111.80339887498948,
            68.8839603971781,
            62.96824596572466,
            90.60905032059435,
            72.11102550927978
        ],
        [
            83.18653737234169,
            96.83491106000976,
            80.05623023850174,
            58.855755878248644,
            19.849433241279208,
            63.12685640834652,
            0.0,
            82.49242389456137,
            23.021728866442675,
            92.47702417357513,
            39.319206502675,
            75.82216034906945,
            7.0710678118654755,
            78.16009211867653,
            75.69015788066504,
            105.80170130957252,
            79.07591289387686,
            64.88451279003334,
            94.02127418834527,
            116.72617529928752,
            20.615528128088304
        ],
        [
            93.94147114027967,
            16.1245154965971,
            7.0710678118654755,
            63.06346010171025,
            88.23264701911646,
            77.88452991448302,
            82.49242389456137,
            0.0,
            64.4437739428721,
            17.0,
            48.91829923454003,
            16.1245154965971,
            77.10382610480494,
            20.396078054371138,
            18.867962264113206,
            25.238858928247925,
            55.44366510251645,
            17.804493814764857,
            34.539832078341085,
            40.496913462633174,
            69.35416353759881
        ],
        [
            90.87353850269065,
            79.90619500389191,
            60.802960454241045,
            60.41522986797286,
            39.395431207184416,
            69.46221994724903,
            23.021728866442675,
            64.4437739428721,
            0.0,
            72.069410986909,
            17.08800749063506,
            61.29437168288782,
            16.0,
            56.859475903318,
            61.91122676865643,
            89.10667763978185,
            56.293871780150276,
            46.69047011971501,
            82.76472678623425,
            102.00490184299969,
            5.0
        ],
        [
            110.92339699089638,
            23.08679276123039,
            14.035668847618199,
            79.6994353806851,
            100.80674580602232,
            94.5568612000208,
            92.47702417357513,
            17.0,
            72.069410986909,
            0.0,
            55.226805085936306,
            33.12099032335839,
            86.4060183089118,
            16.278820596099706,
            35.84689665786984,
            29.017236257093817,
            47.67598976424087,
            29.154759474226502,
            48.826222462934815,
            46.010868281309364,
            76.66159403508382
        ],
        [
            93.47726996441435,
            64.81512169239521,
            44.598206241955516,
            60.41522986797286,
            52.952809179494906,
            72.20110802473879,
            39.319206502675,
            48.91829923454003,
            17.08800749063506,
            55.226805085936306,
            0.0,
            48.46648326421054,
            32.55764119219941,
            39.81205847478876,
            49.64876634922564,
            74.02702209328699,
            42.95346318982906,
            31.622776601683793,
            71.56814934033156,
            87.98295289429652,
            21.470910553583888
        ],
        [
            77.87810988975015,
            22.80350850198276,
            21.213203435596427,
            47.67598976424087,
            78.26237921249263,
            62.369864518050704,
            75.82216034906945,
            16.1245154965971,
            61.29437168288782,
            33.12099032335839,
            48.46648326421054,
            0.0,
            71.42128534267638,
            33.28663395418648,
            2.8284271247461903,
            30.870698080866262,
            66.40783086353596,
            19.0,
            24.020824298928627,
            41.036569057366385,
            66.2872536767062
        ],
        [
            85.61541917201598,
            91.8313671900838,
            74.30343195303969,
            59.07622195096772,
            25.612496949731394,
            64.93843238021688,
            7.0710678118654755,
            77.10382610480494,
            16.0,
            86.4060183089118,
            32.55764119219941,
            71.42128534267638,
            0.0,
            71.78439941937245,
            71.50524456289902,
            100.89598604503551,
            72.00694410957877,
            59.36328831862332,
            90.69729874698585,
            112.44998888394787,
            13.601470508735444
        ],
        [
            107.33592129385204,
            34.23448553724738,
            13.341664064126334,
            74.30343195303969,
            88.2779700718135,
            89.00561780022652,
            78.16009211867653,
            20.396078054371138,
            56.859475903318,
            16.278820596099706,
            39.81205847478876,
            33.28663395418648,
            71.78439941937245,
            0.0,
            36.05551275463989,
            42.20189569201838,
            35.12833614050059,
            20.12461179749811,
            54.70831746635972,
            58.855755878248644,
            61.26989472816156
        ],
        [
            75.23961722390672,
            24.331050121192877,
            24.041630560342615,
            45.39823785126467,
            77.41446893184762,
            60.01666435249463,
            75.69015788066504,
            18.867962264113206,
            61.91122676865643,
            35.84689665786984,
            49.64876634922564,
            2.8284271247461903,
            71.50524456289902,
            36.05551275463989,
            0.0,
            31.953090617340916,
            68.9492567037528,
            21.095023109728988,
            22.20360331117452,
            41.036569057366385,
            66.88796603276258
        ],
        [
            100.80674580602232,
            9.219544457292887,
            30.870698080866262,
            75.16648189186454,
            109.12378292562992,
            89.0,
            105.80170130957252,
            25.238858928247925,
            89.10667763978185,
            29.017236257093817,
            74.02702209328699,
            30.870698080866262,
            100.89598604503551,
            42.20189569201838,
            31.953090617340916,
            0.0,
            76.32168761236873,
            42.5205832509386,
            29.154759474226502,
            17.0,
            94.06912352095134
        ],
        [
            132.24598292575845,
            69.00724599634447,
            48.373546489791295,
            98.3107318658548,
            95.2102935611481,
            111.80339887498948,
            79.07591289387686,
            55.44366510251645,
            56.293871780150276,
            47.67598976424087,
            42.95346318982906,
            66.40783086353596,
            72.00694410957877,
            35.12833614050059,
            68.9492567037528,
            76.32168761236873,
            0.0,
            48.75448697299562,
            89.26925562588724,
            93.26306878931231,
            58.54912467321779
        ],
        [
            87.41853350405736,
            33.301651610693426,
            15.524174696260024,
            54.20332093147061,
            71.80529228406496,
            68.8839603971781,
            64.88451279003334,
            17.804493814764857,
            46.69047011971501,
            29.154759474226502,
            31.622776601683793,
            19.0,
            59.36328831862332,
            20.12461179749811,
            21.095023109728988,
            42.5205832509386,
            48.75448697299562,
            0.0,
            43.01162633521314,
            56.435804238089844,
            51.62363799656123
        ],
        [
            72.44308110509934,
            27.65863337187866,
            41.43669871020133,
            50.59644256269407,
            92.31467922275417,
            62.96824596572466,
            94.02127418834527,
            34.539832078341085,
            82.76472678623425,
            48.826222462934815,
            71.56814934033156,
            24.020824298928627,
            90.69729874698585,
            54.70831746635972,
            22.20360331117452,
            29.154759474226502,
            89.26925562588724,
            43.01162633521314,
            0.0,
            27.65863337187866,
            87.66413177577247
        ],
        [
            99.02019995940222,
            24.738633753705965,
            46.84015371452148,
            78.16009211867653,
            117.5967686630887,
            90.60905032059435,
            116.72617529928752,
            40.496913462633174,
            102.00490184299969,
            46.010868281309364,
            87.98295289429652,
            41.036569057366385,
            112.44998888394787,
            58.855755878248644,
            41.036569057366385,
            17.0,
            93.26306878931231,
            56.435804238089844,
            27.65863337187866,
            0.0,
            107.00467279516349
        ],
        [
            93.40770846134703,
            84.86459803710851,
            65.60487786742691,
            63.788713735268246,
            38.58756276314948,
            72.11102550927978,
            20.615528128088304,
            69.35416353759881,
            5.0,
            76.66159403508382,
            21.470910553583888,
            66.2872536767062,
            13.601470508735444,
            61.26989472816156,
            66.88796603276258,
            94.06912352095134,
            58.54912467321779,
            51.62363799656123,
            87.66413177577247,
            107.00467279516349,
            0.0
        ]
    ],
    "instance_name": "P-n20-0",
    "max_vehicle_number": 2,
    "vehicle_capacity": 30.0
}