{
    "customer_1": {
        "coordinates": {
            "x": 79.0,
            "y": 2.0
        },
        "demand": 5.0,
        "due_time": 1000.0,
        "ready_time": 0.0,
        "service_time": 5.0
    },
    "customer_10": {
        "coordinates": {
            "x": 45.0,
            "y": 3.0
        },
        "demand": 5.0,
        "due_time": 1000.0,
        "ready_time": 0.0,
        "service_time": 5.0
    },
    "customer_11": {
        "coordinates": {
            "x": 73.0,
            "y": 45.0
        },
        "demand": 5.0,
        "due_time": 1000.0,
        "ready_time": 0.0,
        "service_time": 5.0
    },
    "customer_12": {
        "coordinates": {
            "x": 83.0,
            "y": 64.0
        },
        "demand": 5.0,
        "due_time": 1000.0,
        "ready_time": 0.0,
        "service_time": 5.0
    },
    "customer_13": {
        "coordinates": {
            "x": 46.0,
            "y": 79.0
        },
        "demand": 5.0,
        "due_time": 1000.0,
        "ready_time": 0.0,
        "service_time": 5.0
    },
    "customer_14": {
        "coordinates": {
            "x": 70.0,
            "y": 13.0
        },
        "demand": 2.0,
        "due_time": 1000.0,
        "ready_time": 0.0,
        "service_time": 5.0
    },
    "customer_15": {
        "coordinates": {
            "x": 76.0,
            "y": 72.0
        },
        "demand": 5.0,
        "due_time": 1000.0,
        "ready_time": 0.0,
        "service_time": 5.0
    },
    "customer_16": {
        "coordinates": {
            "x": 61.0,
            "y": 30.0
        },
        "demand": 5.0,
        "due_time": 1000.0,
        "ready_time": 0.0,
        "service_time": 5.0
    },
    "customer_17": {
        "coordinates": {
            "x": 58.0,
            "y": 84.0
        },
        "demand": 5.0,
        "due_time": 1000.0,
        "ready_time": 0.0,
        "service_time": 5.0
    },
    "customer_18": {
        "coordinates": {
            "x": 42.0,
            "y": 0.0
        },
        "demand": 5.0,
        "due_time": 1000.0,
        "ready_time": 0.0,
        "service_time": 5.0
    },
    "customer_19": {
        "coordinates": {
            "x": 86.0,
            "y": 64.0
        },
        "demand": 5.0,
        "due_time": 1000.0,
        "ready_time": 0.0,
        "service_time": 5.0
    },
    "customer_2": {
        "coordinates": {
            "x": 31.0,
            "y": 93.0
        },
        "demand": 2.0,
        "due_time": 1000.0,
        "ready_time": 0.0,
        "service_time": 5.0
    },
    "customer_20": {
        "coordinates": {
            "x": 26.0,
            "y": 92.0
        },
        "demand": 2.0,
        "due_time": 1000.0,
        "ready_time": 0.0,
        "service_time": 5.0
    },
    "customer_3": {
        "coordinates": {
            "x": 59.0,
            "y": 97.0
        },
        "demand": 2.0,
        "due_time": 1000.0,
        "ready_time": 0.0,
        "service_time": 5.0
    },
    "customer_4": {
        "coordinates": {
            "x": 100.0,
            "y": 60.0
        },
        "demand": 2.0,
        "due_time": 1000.0,
        "ready_time": 0.0,
        "service_time": 5.0
    },
    "customer_5": {
        "coordinates": {
            "x": 92.0,
            "y": 18.0
        },
        "demand": 5.0,
        "due_time": 1000.0,
        "ready_time": 0.0,
        "service_time": 5.0
    },
    "customer_6": {
        "coordinates": {
            "x": 43.0,
            "y": 72.0
        },
        "demand": 2.0,
        "due_time": 1000.0,
        "ready_time": 0.0,
        "service_time": 5.0
    },
    "customer_7": {
        "coordinates": {
            "x": 67.0,
            "y": 21.0
        },
        "demand": 5.0,
        "due_time": 1000.0,
        "ready_time": 0.0,
        "service_time": 5.0
    },
    "customer_8": {
        "coordinates": {
            "x": 58.0,
            "y": 78.0
        },
        "demand": 5.0,
        "due_time": 1000.0,
        "ready_time": 0.0,
        "service_time": 5.0
    },
    "customer_9": {
        "coordinates": {
            "x": 69.0,
            "y": 8.0
        },
        "demand": 5.0,
        "due_time": 1000.0,
        "ready_time": 0.0,
        "service_time": 5.0
    },
    "deport": {
        "coordinates": {
            "x": 0.0,
            "y": 0.0
        },
        "demand": 0.0,
        "due_time": 1000.0,
        "ready_time": 0.0,
        "service_time": 5.0
    },
    "distance_matrix": [
        [
            0.0,
            79.02531240052139,
            98.03060746521976,
            113.53413583587978,
            116.61903789690601,
            93.74433316206373,
            83.86298349093002,
            70.21395872616783,
            97.20082304178294,
            69.46221994724903,
            45.09988913511872,
            85.75546629807339,
            104.80935072788115,
            91.4166286842826,
            71.19691004531025,
            104.6900186264192,
            67.97793759742936,
            102.07840124139877,
            42.0,
            107.20074626605917,
            95.60334722173697
        ],
        [
            79.02531240052139,
            0.0,
            102.88342918079665,
            97.082439194738,
            61.68468205316454,
            20.615528128088304,
            78.7146746166177,
            22.47220505424423,
            78.84795495128583,
            11.661903789690601,
            34.0147027033899,
            43.41658669218482,
            62.12889826803627,
            83.773504164503,
            14.212670403551895,
            70.06425622241343,
            33.28663395418648,
            84.64632301523794,
            37.05401462729781,
            62.39390995922599,
            104.44615837837216
        ],
        [
            98.03060746521976,
            102.88342918079665,
            0.0,
            28.284271247461902,
            76.48529270389177,
            96.67471230885562,
            24.186773244895647,
            80.49844718999243,
            30.886890422961002,
            93.1074647920348,
            91.0823802938856,
            63.7808748764079,
            59.53990258641679,
            20.518284528683193,
            89.0,
            49.658836071740545,
            69.77822009767804,
            28.460498941515414,
            93.64827814754524,
            62.177166226839255,
            5.0990195135927845
        ],
        [
            113.53413583587978,
            97.082439194738,
            28.284271247461902,
            0.0,
            55.226805085936306,
            85.61541917201598,
            29.68164415931166,
            76.4198926981712,
            19.02629759044045,
            89.56003573022959,
            95.03683496413377,
            53.85164807134504,
            40.80441152620633,
            22.20360331117452,
            84.71717653463199,
            30.23243291566195,
            67.02984409947557,
            13.038404810405297,
            98.47842403288143,
            42.638011210655684,
            33.37663853655727
        ],
        [
            116.61903789690601,
            61.68468205316454,
            76.48529270389177,
            55.226805085936306,
            0.0,
            42.7551166528639,
            58.249463516842795,
            51.088159097779204,
            45.69463863518345,
            60.53924347066124,
            79.20858539325141,
            30.886890422961002,
            17.464249196572982,
            57.245087125446844,
            55.758407437802596,
            26.832815729997478,
            49.20365840057018,
            48.373546489791295,
            83.45058418010026,
            14.560219778561036,
            80.62257748298549
        ],
        [
            93.74433316206373,
            20.615528128088304,
            96.67471230885562,
            85.61541917201598,
            42.7551166528639,
            0.0,
            72.91776189653656,
            25.179356624028344,
            68.96375859826666,
            25.079872407968907,
            49.33558553417604,
            33.015148038438355,
            46.87216658103186,
            76.40026177965622,
            22.561028345356956,
            56.32051136131489,
            33.24154027718932,
            74.24284477308234,
            53.141321022345686,
            46.389654018972806,
            99.15644204992432
        ],
        [
            83.86298349093002,
            78.7146746166177,
            24.186773244895647,
            29.68164415931166,
            58.249463516842795,
            72.91776189653656,
            0.0,
            56.36488268416781,
            16.15549442140351,
            69.07966415668217,
            69.02897942168927,
            40.36087214122113,
            40.792156108742276,
            7.615773105863909,
            64.88451279003334,
            33.0,
            45.69463863518345,
            19.209372712298546,
            72.00694410957877,
            43.73785545725808,
            26.248809496813376
        ],
        [
            70.21395872616783,
            22.47220505424423,
            80.49844718999243,
            76.4198926981712,
            51.088159097779204,
            25.179356624028344,
            56.36488268416781,
            0.0,
            57.706152185014034,
            13.152946437965905,
            28.42534080710379,
            24.738633753705965,
            45.880278987817846,
            61.68468205316454,
            8.54400374531753,
            51.78802950489621,
            10.816653826391969,
            63.63961030678928,
            32.64965543462902,
            47.01063709417264,
            81.98780397107853
        ],
        [
            97.20082304178294,
            78.84795495128583,
            30.886890422961002,
            19.02629759044045,
            45.69463863518345,
            68.96375859826666,
            16.15549442140351,
            57.706152185014034,
            0.0,
            70.8590149522275,
            76.11832893594026,
            36.24913792078372,
            28.653097563788805,
            12.041594578792296,
            66.09841147864296,
            18.973665961010276,
            48.093658625644196,
            6.0,
            79.62411694957753,
            31.304951684997057,
            34.928498393145965
        ],
        [
            69.46221994724903,
            11.661903789690601,
            93.1074647920348,
            89.56003573022959,
            60.53924347066124,
            25.079872407968907,
            69.07966415668217,
            13.152946437965905,
            70.8590149522275,
            0.0,
            24.515301344262525,
            37.21558813185679,
            57.723478758647246,
            74.63243262818116,
            5.0990195135927845,
            64.38167441127949,
            23.40939982143925,
            76.79192665899195,
            28.160255680657446,
            58.52349955359813,
            94.36630754670864
        ],
        [
            45.09988913511872,
            34.0147027033899,
            91.0823802938856,
            95.03683496413377,
            79.20858539325141,
            49.33558553417604,
            69.02897942168927,
            28.42534080710379,
            76.11832893594026,
            24.515301344262525,
            0.0,
            50.47771785649585,
            71.86793443532379,
            76.00657866263946,
            26.92582403567252,
            75.64390259630977,
            31.38470965295043,
            82.03657720797473,
            4.242640687119285,
            73.49829930005184,
            91.00549433962765
        ],
        [
            85.75546629807339,
            43.41658669218482,
            63.7808748764079,
            53.85164807134504,
            30.886890422961002,
            33.015148038438355,
            40.36087214122113,
            24.738633753705965,
            36.24913792078372,
            37.21558813185679,
            50.47771785649585,
            0.0,
            21.470910553583888,
            43.41658669218482,
            32.14031735997639,
            27.16615541441225,
            19.209372712298546,
            41.78516483155236,
            54.644304369257,
            23.021728866442675,
            66.46803743153546
        ],
        [
            104.80935072788115,
            62.12889826803627,
            59.53990258641679,
            40.80441152620633,
            17.464249196572982,
            46.87216658103186,
            40.792156108742276,
            45.880278987817846,
            28.653097563788805,
            57.723478758647246,
            71.86793443532379,
            21.470910553583888,
            0.0,
            39.92492955535426,
            52.63078946776307,
            10.63014581273465,
            40.496913462633174,
            32.01562118716424,
            76.00657866263946,
            3.0,
            63.50590523722971
        ],
        [
            91.4166286842826,
            83.773504164503,
            20.518284528683193,
            22.20360331117452,
            57.245087125446844,
            76.40026177965622,
            7.615773105863909,
            61.68468205316454,
            12.041594578792296,
            74.63243262818116,
            76.00657866263946,
            43.41658669218482,
            39.92492955535426,
            0.0,
            70.22819946431775,
            30.805843601498726,
            51.24451190127583,
            13.0,
            79.1012010022604,
            42.720018726587654,
            23.853720883753127
        ],
        [
            71.19691004531025,
            14.212670403551895,
            89.0,
            84.71717653463199,
            55.758407437802596,
            22.561028345356956,
            64.88451279003334,
            8.54400374531753,
            66.09841147864296,
            5.0990195135927845,
            26.92582403567252,
            32.14031735997639,
            52.63078946776307,
            70.22819946431775,
            0.0,
            59.30430001273095,
            19.235384061671343,
            72.00694410957877,
            30.870698080866262,
            53.45091205957107,
            90.4267659490264
        ],
        [
            104.6900186264192,
            70.06425622241343,
            49.658836071740545,
            30.23243291566195,
            26.832815729997478,
            56.32051136131489,
            33.0,
            51.78802950489621,
            18.973665961010276,
            64.38167441127949,
            75.64390259630977,
            27.16615541441225,
            10.63014581273465,
            30.805843601498726,
            59.30430001273095,
            0.0,
            44.598206241955516,
            21.633307652783937,
            79.62411694957753,
            12.806248474865697,
            53.85164807134504
        ],
        [
            67.97793759742936,
            33.28663395418648,
            69.77822009767804,
            67.02984409947557,
            49.20365840057018,
            33.24154027718932,
            45.69463863518345,
            10.816653826391969,
            48.093658625644196,
            23.40939982143925,
            31.38470965295043,
            19.209372712298546,
            40.496913462633174,
            51.24451190127583,
            19.235384061671343,
            44.598206241955516,
            0.0,
            54.08326913195984,
            35.510561809129406,
            42.20189569201838,
            71.19691004531025
        ],
        [
            102.07840124139877,
            84.64632301523794,
            28.460498941515414,
            13.038404810405297,
            48.373546489791295,
            74.24284477308234,
            19.209372712298546,
            63.63961030678928,
            6.0,
            76.79192665899195,
            82.03657720797473,
            41.78516483155236,
            32.01562118716424,
            13.0,
            72.00694410957877,
            21.633307652783937,
            54.08326913195984,
            0.0,
            85.5102333057278,
            34.40930106817051,
            32.984845004941285
        ],
        [
            42.0,
            37.05401462729781,
            93.64827814754524,
            98.47842403288143,
            83.45058418010026,
            53.141321022345686,
            72.00694410957877,
            32.64965543462902,
            79.62411694957753,
            28.160255680657446,
            4.242640687119285,
            54.644304369257,
            76.00657866263946,
            79.1012010022604,
            30.870698080866262,
            79.62411694957753,
            35.510561809129406,
            85.5102333057278,
            0.0,
            77.6659513557904,
            93.38094023943002
        ],
        [
            107.20074626605917,
            62.39390995922599,
            62.177166226839255,
            42.638011210655684,
            14.560219778561036,
            46.389654018972806,
            43.73785545725808,
            47.01063709417264,
            31.304951684997057,
            58.52349955359813,
            73.49829930005184,
            23.021728866442675,
            3.0,
            42.720018726587654,
            53.45091205957107,
            12.806248474865697,
            42.20189569201838,
            34.40930106817051,
            77.6659513557904,
            0.0,
            66.2117814289874
        ],
        [
            95.60334722173697,
            104.44615837837216,
            5.0990195135927845,
            33.37663853655727,
            80.62257748298549,
            99.15644204992432,
            26.248809496813376,
            81.98780397107853,
            34.928498393145965,
            94.36630754670864,
            91.00549433962765,
            66.46803743153546,
            63.50590523722971,
            23.853720883753127,
            90.4267659490264,
            53.85164807134504,
            71.19691004531025,
            32.984845004941285,
            93.38094023943002,
            66.2117814289874,
            0.0
        ]
    ],
    "instance_name": "P-n20-8",
    "max_vehicle_number": 2,
    "vehicle_capacity": 30.0
}