{
    "customer_1": {
        "coordinates": {
            "x": 86.0,
            "y": 11.0
        },
        "demand": 2.0,
        "due_time": 1000.0,
        "ready_time": 0.0,
        "service_time": 5.0
    },
    "customer_10": {
        "coordinates": {
            "x": 68.0,
            "y": 96.0
        },
        "demand": 5.0,
        "due_time": 1000.0,
        "ready_time": 0.0,
        "service_time": 5.0
    },
    "customer_11": {
        "coordinates": {
            "x": 39.0,
            "y": 80.0
        },
        "demand": 2.0,
        "due_time": 1000.0,
        "ready_time": 0.0,
        "service_time": 5.0
    },
    "customer_12": {
        "coordinates": {
            "x": 3.0,
            "y": 19.0
        },
        "demand": 2.0,
        "due_time": 1000.0,
        "ready_time": 0.0,
        "service_time": 5.0
    },
    "customer_13": {
        "coordinates": {
            "x": 92.0,
            "y": 97.0
        },
        "demand": 5.0,
        "due_time": 1000.0,
        "ready_time": 0.0,
        "service_time": 5.0
    },
    "customer_14": {
        "coordinates": {
            "x": 94.0,
            "y": 97.0
        },
        "demand": 2.0,
        "due_time": 1000.0,
        "ready_time": 0.0,
        "service_time": 5.0
    },
    "customer_15": {
        "coordinates": {
            "x": 46.0,
            "y": 31.0
        },
        "demand": 5.0,
        "due_time": 1000.0,
        "ready_time": 0.0,
        "service_time": 5.0
    },
    "customer_16": {
        "coordinates": {
            "x": 92.0,
            "y": 43.0
        },
        "demand": 2.0,
        "due_time": 1000.0,
        "ready_time": 0.0,
        "service_time": 5.0
    },
    "customer_17": {
        "coordinates": {
            "x": 36.0,
            "y": 95.0
        },
        "demand": 5.0,
        "due_time": 1000.0,
        "ready_time": 0.0,
        "service_time": 5.0
    },
    "customer_18": {
        "coordinates": {
            "x": 18.0,
            "y": 24.0
        },
        "demand": 5.0,
        "due_time": 1000.0,
        "ready_time": 0.0,
        "service_time": 5.0
    },
    "customer_19": {
        "coordinates": {
            "x": 27.0,
            "y": 36.0
        },
        "demand": 5.0,
        "due_time": 1000.0,
        "ready_time": 0.0,
        "service_time": 5.0
    },
    "customer_2": {
        "coordinates": {
            "x": 47.0,
            "y": 4.0
        },
        "demand": 5.0,
        "due_time": 1000.0,
        "ready_time": 0.0,
        "service_time": 5.0
    },
    "customer_20": {
        "coordinates": {
            "x": 74.0,
            "y": 16.0
        },
        "demand": 2.0,
        "due_time": 1000.0,
        "ready_time": 0.0,
        "service_time": 5.0
    },
    "customer_3": {
        "coordinates": {
            "x": 37.0,
            "y": 40.0
        },
        "demand": 5.0,
        "due_time": 1000.0,
        "ready_time": 0.0,
        "service_time": 5.0
    },
    "customer_4": {
        "coordinates": {
            "x": 77.0,
            "y": 58.0
        },
        "demand": 5.0,
        "due_time": 1000.0,
        "ready_time": 0.0,
        "service_time": 5.0
    },
    "customer_5": {
        "coordinates": {
            "x": 86.0,
            "y": 9.0
        },
        "demand": 2.0,
        "due_time": 1000.0,
        "ready_time": 0.0,
        "service_time": 5.0
    },
    "customer_6": {
        "coordinates": {
            "x": 33.0,
            "y": 0.0
        },
        "demand": 5.0,
        "due_time": 1000.0,
        "ready_time": 0.0,
        "service_time": 5.0
    },
    "customer_7": {
        "coordinates": {
            "x": 55.0,
            "y": 25.0
        },
        "demand": 2.0,
        "due_time": 1000.0,
        "ready_time": 0.0,
        "service_time": 5.0
    },
    "customer_8": {
        "coordinates": {
            "x": 12.0,
            "y": 91.0
        },
        "demand": 2.0,
        "due_time": 1000.0,
        "ready_time": 0.0,
        "service_time": 5.0
    },
    "customer_9": {
        "coordinates": {
            "x": 98.0,
            "y": 1.0
        },
        "demand": 5.0,
        "due_time": 1000.0,
        "ready_time": 0.0,
        "service_time": 5.0
    },
    "deport": {
        "coordinates": {
            "x": 0.0,
            "y": 0.0
        },
        "demand": 0.0,
        "due_time": 1000.0,
        "ready_time": 0.0,
        "service_time": 5.0
    },
    "distance_matrix": [
        [
            0.0,
            86.70063436907483,
            47.16990566028302,
            54.48853090330111,
            96.40020746865642,
            86.46964785403026,
            33.0,
            60.41522986797286,
            91.7877987534291,
            98.00510190801293,
            117.64352935882194,
            89.0,
            19.235384061671343,
            133.6899397860587,
            135.07405376311175,
            55.47071299343465,
            101.55294185792945,
            101.59232254457027,
            30.0,
            45.0,
            75.7099729229908
        ],
        [
            86.70063436907483,
            0.0,
            39.6232255123179,
            56.938563381947034,
            47.853944456021594,
            2.0,
            54.12947441089743,
            34.0147027033899,
            108.97706180660222,
            15.620499351813308,
            86.88498144098322,
            83.4865258589672,
            83.38465086573187,
            86.20904824900923,
            86.37129152675674,
            44.721359549995796,
            32.55764119219941,
            97.75479527879949,
            69.2314957226839,
            64.07807737440318,
            13.0
        ],
        [
            47.16990566028302,
            39.6232255123179,
            0.0,
            37.36308338453881,
            61.773780845922005,
            39.319206502675,
            14.560219778561036,
            22.47220505424423,
            93.77632963600142,
            51.088159097779204,
            94.36630754670864,
            76.4198926981712,
            46.486557196677836,
            103.31505214633539,
            104.20172743289815,
            27.018512172212592,
            59.54829972383762,
            91.6624241442479,
            35.22782990761707,
            37.73592452822641,
            29.546573405388315
        ],
        [
            54.48853090330111,
            56.938563381947034,
            37.36308338453881,
            0.0,
            43.86342439892262,
            57.982756057296896,
            40.19950248448356,
            23.430749027719962,
            56.79788728465171,
            72.40165743959182,
            64.00781202322104,
            40.04996878900157,
            39.96248240537617,
            79.20858539325141,
            80.61017305526642,
            12.727922061357855,
            55.08175741568164,
            55.00909015790027,
            24.839484696748443,
            10.770329614269007,
            44.10215414239989
        ],
        [
            96.40020746865642,
            47.853944456021594,
            61.773780845922005,
            43.86342439892262,
            0.0,
            49.8196748283246,
            72.80109889280519,
            39.66106403010388,
            72.89718787443039,
            60.74537019394976,
            39.05124837953327,
            43.9089968002003,
            83.64807230295268,
            41.78516483155236,
            42.5440947723653,
            41.10960958218893,
            21.213203435596427,
            55.226805085936306,
            68.09552114493287,
            54.62600113499065,
            42.1070065428546
        ],
        [
            86.46964785403026,
            2.0,
            39.319206502675,
            57.982756057296896,
            49.8196748283246,
            0.0,
            53.75872022286245,
            34.88552708502482,
            110.45361017187261,
            14.422205101855956,
            88.84255736976509,
            85.14693182963201,
            83.60023923410746,
            88.20430828479978,
            88.36288813749809,
            45.65084884205331,
            34.52535300326414,
            99.4786409235671,
            69.63476143421474,
            64.88451279003334,
            13.892443989449804
        ],
        [
            33.0,
            54.12947441089743,
            14.560219778561036,
            40.19950248448356,
            72.80109889280519,
            53.75872022286245,
            0.0,
            33.301651610693426,
            93.39164844888434,
            65.00769185258002,
            102.18121158021175,
            80.22468448052632,
            35.510561809129406,
            113.53413583587978,
            114.58621208504974,
            33.61547262794322,
            73.00684899377592,
            95.04735661763561,
            28.30194339616981,
            36.49657518178932,
            44.01136216933077
        ],
        [
            60.41522986797286,
            34.0147027033899,
            22.47220505424423,
            23.430749027719962,
            39.66106403010388,
            34.88552708502482,
            33.301651610693426,
            0.0,
            78.77182237323191,
            49.24428900898052,
            72.18032973047436,
            57.28001396647875,
            52.3450093132096,
            80.95060222135473,
            81.88406438373708,
            10.816653826391969,
            41.14608122288197,
            72.53275122315436,
            37.013511046643494,
            30.083217912982647,
            21.02379604162864
        ],
        [
            91.7877987534291,
            108.97706180660222,
            93.77632963600142,
            56.79788728465171,
            72.89718787443039,
            110.45361017187261,
            93.39164844888434,
            78.77182237323191,
            0.0,
            124.48293055676348,
            56.22277118748239,
            29.154759474226502,
            72.56031973468694,
            80.22468448052632,
            82.21921916437786,
            68.96375859826666,
            93.29523031752481,
            24.331050121192877,
            67.26812023536856,
            57.0087712549569,
            97.30878685915265
        ],
        [
            98.00510190801293,
            15.620499351813308,
            51.088159097779204,
            72.40165743959182,
            60.74537019394976,
            14.422205101855956,
            65.00769185258002,
            49.24428900898052,
            124.48293055676348,
            0.0,
            99.62429422585637,
            98.60020283954795,
            96.6902270139025,
            96.18731725128839,
            96.08329719571451,
            60.03332407921454,
            42.42640687119285,
            112.60550608207399,
            83.24061508662703,
            79.1580697086532,
            28.30194339616981
        ],
        [
            117.64352935882194,
            86.88498144098322,
            94.36630754670864,
            64.00781202322104,
            39.05124837953327,
            88.84255736976509,
            102.18121158021175,
            72.18032973047436,
            56.22277118748239,
            99.62429422585637,
            0.0,
            33.12099032335839,
            100.7670581092849,
            24.020824298928627,
            26.019223662515376,
            68.62215385719105,
            58.180752831155424,
            32.01562118716424,
            87.65842800324451,
            72.67048919609665,
            80.22468448052632
        ],
        [
            89.0,
            83.4865258589672,
            76.4198926981712,
            40.04996878900157,
            43.9089968002003,
            85.14693182963201,
            80.22468448052632,
            57.28001396647875,
            29.154759474226502,
            98.60020283954795,
            33.12099032335839,
            0.0,
            70.83078426785913,
            55.65968020030299,
            57.56735185849702,
            49.49747468305833,
            64.63745044476924,
            15.297058540778355,
            59.80802621722272,
            45.60701700396552,
            72.94518489934754
        ],
        [
            19.235384061671343,
            83.38465086573187,
            46.486557196677836,
            39.96248240537617,
            83.64807230295268,
            83.60023923410746,
            35.510561809129406,
            52.3450093132096,
            72.56031973468694,
            96.6902270139025,
            100.7670581092849,
            70.83078426785913,
            0.0,
            118.3427226321923,
            119.85407794480753,
            44.64302857109943,
            92.17917335276988,
            82.85529554590944,
            15.811388300841896,
            29.410882339705484,
            71.06335201775948
        ],
        [
            133.6899397860587,
            86.20904824900923,
            103.31505214633539,
            79.20858539325141,
            41.78516483155236,
            88.20430828479978,
            113.53413583587978,
            80.95060222135473,
            80.22468448052632,
            96.18731725128839,
            24.020824298928627,
            55.65968020030299,
            118.3427226321923,
            0.0,
            2.0,
            80.44874144447506,
            54.0,
            56.0357029044876,
            103.9471019317037,
            89.1403387922662,
            82.97590011563598
        ],
        [
            135.07405376311175,
            86.37129152675674,
            104.20172743289815,
            80.61017305526642,
            42.5440947723653,
            88.36288813749809,
            114.58621208504974,
            81.88406438373708,
            82.21921916437786,
            96.08329719571451,
            26.019223662515376,
            57.56735185849702,
            119.85407794480753,
            2.0,
            0.0,
            81.60882305241266,
            54.037024344425184,
            58.034472514187634,
            105.38026380684383,
            90.60905032059435,
            83.43260753446461
        ],
        [
            55.47071299343465,
            44.721359549995796,
            27.018512172212592,
            12.727922061357855,
            41.10960958218893,
            45.65084884205331,
            33.61547262794322,
            10.816653826391969,
            68.96375859826666,
            60.03332407921454,
            68.62215385719105,
            49.49747468305833,
            44.64302857109943,
            80.44874144447506,
            81.60882305241266,
            0.0,
            47.53945729601885,
            64.77653896280658,
            28.861739379323623,
            19.6468827043885,
            31.76476034853718
        ],
        [
            101.55294185792945,
            32.55764119219941,
            59.54829972383762,
            55.08175741568164,
            21.213203435596427,
            34.52535300326414,
            73.00684899377592,
            41.14608122288197,
            93.29523031752481,
            42.42640687119285,
            58.180752831155424,
            64.63745044476924,
            92.17917335276988,
            54.0,
            54.037024344425184,
            47.53945729601885,
            0.0,
            76.4198926981712,
            76.40026177965622,
            65.37583651472461,
            32.449961479175904
        ],
        [
            101.59232254457027,
            97.75479527879949,
            91.6624241442479,
            55.00909015790027,
            55.226805085936306,
            99.4786409235671,
            95.04735661763561,
            72.53275122315436,
            24.331050121192877,
            112.60550608207399,
            32.01562118716424,
            15.297058540778355,
            82.85529554590944,
            56.0357029044876,
            58.034472514187634,
            64.77653896280658,
            76.4198926981712,
            0.0,
            73.24616030891995,
            59.682493245507096,
            87.66413177577247
        ],
        [
            30.0,
            69.2314957226839,
            35.22782990761707,
            24.839484696748443,
            68.09552114493287,
            69.63476143421474,
            28.30194339616981,
            37.013511046643494,
            67.26812023536856,
            83.24061508662703,
            87.65842800324451,
            59.80802621722272,
            15.811388300841896,
            103.9471019317037,
            105.38026380684383,
            28.861739379323623,
            76.40026177965622,
            73.24616030891995,
            0.0,
            15.0,
            56.568542494923804
        ],
        [
            45.0,
            64.07807737440318,
            37.73592452822641,
            10.770329614269007,
            54.62600113499065,
            64.88451279003334,
            36.49657518178932,
            30.083217912982647,
            57.0087712549569,
            79.1580697086532,
            72.67048919609665,
            45.60701700396552,
            29.410882339705484,
            89.1403387922662,
            90.60905032059435,
            19.6468827043885,
            65.37583651472461,
            59.682493245507096,
            15.0,
            0.0,
            51.07837115648854
        ],
        [
            75.7099729229908,
            13.0,
            29.546573405388315,
            44.10215414239989,
            42.1070065428546,
            13.892443989449804,
            44.01136216933077,
            21.02379604162864,
            97.30878685915265,
            28.30194339616981,
            80.22468448052632,
            72.94518489934754,
            71.06335201775948,
            82.97590011563598,
            83.43260753446461,
            31.76476034853718,
            32.449961479175904,
            87.66413177577247,
            56.568542494923804,
            51.07837115648854,
            0.0
        ]
    ],
    "instance_name": "P-n20-9",
    "max_vehicle_number": 2,
    "vehicle_capacity": 30.0
}