{
    "customer_1": {
        "coordinates": {
            "x": 8.0,
            "y": 67.0
        },
        "demand": 2.0,
        "due_time": 1000.0,
        "ready_time": 0.0,
        "service_time": 5.0
    },
    "customer_10": {
        "coordinates": {
            "x": 50.0,
            "y": 80.0
        },
        "demand": 2.0,
        "due_time": 1000.0,
        "ready_time": 0.0,
        "service_time": 5.0
    },
    "customer_11": {
        "coordinates": {
            "x": 97.0,
            "y": 91.0
        },
        "demand": 5.0,
        "due_time": 1000.0,
        "ready_time": 0.0,
        "service_time": 5.0
    },
    "customer_12": {
        "coordinates": {
            "x": 7.0,
            "y": 86.0
        },
        "demand": 2.0,
        "due_time": 1000.0,
        "ready_time": 0.0,
        "service_time": 5.0
    },
    "customer_13": {
        "coordinates": {
            "x": 36.0,
            "y": 89.0
        },
        "demand": 5.0,
        "due_time": 1000.0,
        "ready_time": 0.0,
        "service_time": 5.0
    },
    "customer_14": {
        "coordinates": {
            "x": 28.0,
            "y": 50.0
        },
        "demand": 5.0,
        "due_time": 1000.0,
        "ready_time": 0.0,
        "service_time": 5.0
    },
    "customer_15": {
        "coordinates": {
            "x": 15.0,
            "y": 57.0
        },
        "demand": 2.0,
        "due_time": 1000.0,
        "ready_time": 0.0,
        "service_time": 5.0
    },
    "customer_16": {
        "coordinates": {
            "x": 32.0,
            "y": 41.0
        },
        "demand": 2.0,
        "due_time": 1000.0,
        "ready_time": 0.0,
        "service_time": 5.0
    },
    "customer_17": {
        "coordinates": {
            "x": 34.0,
            "y": 54.0
        },
        "demand": 2.0,
        "due_time": 1000.0,
        "ready_time": 0.0,
        "service_time": 5.0
    },
    "customer_18": {
        "coordinates": {
            "x": 48.0,
            "y": 46.0
        },
        "demand": 5.0,
        "due_time": 1000.0,
        "ready_time": 0.0,
        "service_time": 5.0
    },
    "customer_19": {
        "coordinates": {
            "x": 13.0,
            "y": 65.0
        },
        "demand": 2.0,
        "due_time": 1000.0,
        "ready_time": 0.0,
        "service_time": 5.0
    },
    "customer_2": {
        "coordinates": {
            "x": 10.0,
            "y": 33.0
        },
        "demand": 2.0,
        "due_time": 1000.0,
        "ready_time": 0.0,
        "service_time": 5.0
    },
    "customer_20": {
        "coordinates": {
            "x": 0.0,
            "y": 53.0
        },
        "demand": 5.0,
        "due_time": 1000.0,
        "ready_time": 0.0,
        "service_time": 5.0
    },
    "customer_3": {
        "coordinates": {
            "x": 54.0,
            "y": 5.0
        },
        "demand": 2.0,
        "due_time": 1000.0,
        "ready_time": 0.0,
        "service_time": 5.0
    },
    "customer_4": {
        "coordinates": {
            "x": 79.0,
            "y": 46.0
        },
        "demand": 2.0,
        "due_time": 1000.0,
        "ready_time": 0.0,
        "service_time": 5.0
    },
    "customer_5": {
        "coordinates": {
            "x": 50.0,
            "y": 74.0
        },
        "demand": 2.0,
        "due_time": 1000.0,
        "ready_time": 0.0,
        "service_time": 5.0
    },
    "customer_6": {
        "coordinates": {
            "x": 51.0,
            "y": 60.0
        },
        "demand": 2.0,
        "due_time": 1000.0,
        "ready_time": 0.0,
        "service_time": 5.0
    },
    "customer_7": {
        "coordinates": {
            "x": 22.0,
            "y": 46.0
        },
        "demand": 2.0,
        "due_time": 1000.0,
        "ready_time": 0.0,
        "service_time": 5.0
    },
    "customer_8": {
        "coordinates": {
            "x": 92.0,
            "y": 95.0
        },
        "demand": 2.0,
        "due_time": 1000.0,
        "ready_time": 0.0,
        "service_time": 5.0
    },
    "customer_9": {
        "coordinates": {
            "x": 22.0,
            "y": 44.0
        },
        "demand": 5.0,
        "due_time": 1000.0,
        "ready_time": 0.0,
        "service_time": 5.0
    },
    "deport": {
        "coordinates": {
            "x": 50.0,
            "y": 50.0
        },
        "demand": 0.0,
        "due_time": 1000.0,
        "ready_time": 0.0,
        "service_time": 5.0
    },
    "distance_matrix": [
        [
            0.0,
            45.31004303683677,
            43.46262762420146,
            45.17742799230607,
            29.274562336608895,
            24.0,
            10.04987562112089,
            28.284271247461902,
            61.554853586049575,
            28.635642126552707,
            30.0,
            62.369864518050704,
            56.08029957123981,
            41.43669871020133,
            22.0,
            35.6931365951495,
            20.12461179749811,
            16.492422502470642,
            4.47213595499958,
            39.92492955535426,
            50.08991914547278
        ],
        [
            45.31004303683677,
            0.0,
            34.058772731852805,
            77.20103626247513,
            74.04052944165107,
            42.579337712087536,
            43.56604182158393,
            25.238858928247925,
            88.54377448471462,
            26.92582403567252,
            43.965895873961216,
            92.17917335276988,
            19.02629759044045,
            35.608987629529715,
            26.248809496813376,
            12.206555615733704,
            35.38361202590826,
            29.068883707497267,
            45.17742799230607,
            5.385164807134504,
            16.1245154965971
        ],
        [
            43.46262762420146,
            34.058772731852805,
            0.0,
            52.153619241621186,
            70.21395872616783,
            57.28001396647875,
            49.09175083453431,
            17.69180601295413,
            102.80077820717118,
            16.278820596099706,
            61.71709649683789,
            104.56098698845568,
            53.08483775994799,
            61.741396161732524,
            24.758836806279895,
            24.515301344262525,
            23.40939982143925,
            31.89043743820395,
            40.162171256046406,
            32.14031735997639,
            22.360679774997898
        ],
        [
            45.17742799230607,
            77.20103626247513,
            52.153619241621186,
            0.0,
            48.02082881417188,
            69.1158447825099,
            55.08175741568164,
            52.009614495783374,
            97.6933979345585,
            50.44799302251776,
            75.1065909225016,
            96.15092303249095,
            93.64827814754524,
            85.90692637965812,
            51.97114584074513,
            65.0,
            42.190046219457976,
            52.92447448959697,
            41.43669871020133,
            72.67048919609665,
            72.24956747275377
        ],
        [
            29.274562336608895,
            74.04052944165107,
            70.21395872616783,
            48.02082881417188,
            0.0,
            40.311288741492746,
            31.304951684997057,
            57.0,
            50.695167422546305,
            57.03507692639679,
            44.68780594300866,
            48.46648326421054,
            82.365041127896,
            60.81118318204309,
            51.15662224971465,
            64.93843238021688,
            47.265209192385896,
            45.70557952810576,
            31.0,
            68.6804193347711,
            79.30952023559341
        ],
        [
            24.0,
            42.579337712087536,
            57.28001396647875,
            69.1158447825099,
            40.311288741492746,
            0.0,
            14.035668847618199,
            39.59797974644666,
            46.95742752749558,
            41.036569057366385,
            6.0,
            49.9799959983992,
            44.64302857109943,
            20.518284528683193,
            32.55764119219941,
            38.91015291668744,
            37.589892258425,
            25.612496949731394,
            28.071337695236398,
            38.07886552931954,
            54.230987451824994
        ],
        [
            10.04987562112089,
            43.56604182158393,
            49.09175083453431,
            55.08175741568164,
            31.304951684997057,
            14.035668847618199,
            0.0,
            32.202484376209235,
            53.907327887774215,
            33.12099032335839,
            20.024984394500784,
            55.47071299343465,
            51.10772935672255,
            32.64965543462902,
            25.079872407968907,
            36.124783736376884,
            26.870057685088806,
            18.027756377319946,
            14.317821063276353,
            38.3275357934736,
            51.478150704935004
        ],
        [
            28.284271247461902,
            25.238858928247925,
            17.69180601295413,
            52.009614495783374,
            57.0,
            39.59797974644666,
            32.202484376209235,
            0.0,
            85.44588931013593,
            2.0,
            44.04543109109048,
            87.46427842267951,
            42.720018726587654,
            45.221676218380054,
            7.211102550927978,
            13.038404810405297,
            11.180339887498949,
            14.422205101855956,
            26.0,
            21.02379604162864,
            23.08679276123039
        ],
        [
            61.554853586049575,
            88.54377448471462,
            102.80077820717118,
            97.6933979345585,
            50.695167422546305,
            46.95742752749558,
            53.907327887774215,
            85.44588931013593,
            0.0,
            86.6083136886985,
            44.598206241955516,
            6.4031242374328485,
            85.47514258543241,
            56.32051136131489,
            78.2368199762746,
            85.86617494683223,
            80.72174428244226,
            71.02816342831905,
            65.85590330410783,
            84.50443775329198,
            101.13357503816425
        ],
        [
            28.635642126552707,
            26.92582403567252,
            16.278820596099706,
            50.44799302251776,
            57.03507692639679,
            41.036569057366385,
            33.12099032335839,
            2.0,
            86.6083136886985,
            0.0,
            45.60701700396552,
            88.50988645343524,
            44.598206241955516,
            47.12748667179272,
            8.48528137423857,
            14.7648230602334,
            10.44030650891055,
            15.620499351813308,
            26.076809620810593,
            22.847319317591726,
            23.769728648009426
        ],
        [
            30.0,
            43.965895873961216,
            61.71709649683789,
            75.1065909225016,
            44.68780594300866,
            6.0,
            20.024984394500784,
            44.04543109109048,
            44.598206241955516,
            45.60701700396552,
            0.0,
            48.27007354458868,
            43.41658669218482,
            16.64331697709324,
            37.20215047547655,
            41.88078318274385,
            42.95346318982906,
            30.528675044947494,
            34.058772731852805,
            39.92492955535426,
            56.824290580701486
        ],
        [
            62.369864518050704,
            92.17917335276988,
            104.56098698845568,
            96.15092303249095,
            48.46648326421054,
            49.9799959983992,
            55.47071299343465,
            87.46427842267951,
            6.4031242374328485,
            88.50988645343524,
            48.27007354458868,
            0.0,
            90.13878188659973,
            61.032778078668514,
            80.26207074328447,
            88.76936408468859,
            82.00609733428362,
            73.06161783043132,
            66.52818951391959,
            87.93179174792243,
            104.17773274553444
        ],
        [
            56.08029957123981,
            19.02629759044045,
            53.08483775994799,
            93.64827814754524,
            82.365041127896,
            44.64302857109943,
            51.10772935672255,
            42.720018726587654,
            85.47514258543241,
            44.598206241955516,
            43.41658669218482,
            90.13878188659973,
            0.0,
            29.154759474226502,
            41.677331968349414,
            30.083217912982647,
            51.478150704935004,
            41.86884283091664,
            57.28001396647875,
            21.840329667841555,
            33.734255586866
        ],
        [
            41.43669871020133,
            35.608987629529715,
            61.741396161732524,
            85.90692637965812,
            60.81118318204309,
            20.518284528683193,
            32.64965543462902,
            45.221676218380054,
            56.32051136131489,
            47.12748667179272,
            16.64331697709324,
            61.032778078668514,
            29.154759474226502,
            0.0,
            39.81205847478876,
            38.27531841800928,
            48.16637831516918,
            35.05709628591621,
            44.64302857109943,
            33.24154027718932,
            50.91168824543142
        ],
        [
            22.0,
            26.248809496813376,
            24.758836806279895,
            51.97114584074513,
            51.15662224971465,
            32.55764119219941,
            25.079872407968907,
            7.211102550927978,
            78.2368199762746,
            8.48528137423857,
            37.20215047547655,
            80.26207074328447,
            41.677331968349414,
            39.81205847478876,
            0.0,
            14.7648230602334,
            9.848857801796104,
            7.211102550927978,
            20.396078054371138,
            21.213203435596427,
            28.160255680657446
        ],
        [
            35.6931365951495,
            12.206555615733704,
            24.515301344262525,
            65.0,
            64.93843238021688,
            38.91015291668744,
            36.124783736376884,
            13.038404810405297,
            85.86617494683223,
            14.7648230602334,
            41.88078318274385,
            88.76936408468859,
            30.083217912982647,
            38.27531841800928,
            14.7648230602334,
            0.0,
            23.345235059857504,
            19.235384061671343,
            34.785054261852174,
            8.246211251235321,
            15.524174696260024
        ],
        [
            20.12461179749811,
            35.38361202590826,
            23.40939982143925,
            42.190046219457976,
            47.265209192385896,
            37.589892258425,
            26.870057685088806,
            11.180339887498949,
            80.72174428244226,
            10.44030650891055,
            42.95346318982906,
            82.00609733428362,
            51.478150704935004,
            48.16637831516918,
            9.848857801796104,
            23.345235059857504,
            0.0,
            13.152946437965905,
            16.76305461424021,
            30.610455730027933,
            34.17601498127012
        ],
        [
            16.492422502470642,
            29.068883707497267,
            31.89043743820395,
            52.92447448959697,
            45.70557952810576,
            25.612496949731394,
            18.027756377319946,
            14.422205101855956,
            71.02816342831905,
            15.620499351813308,
            30.528675044947494,
            73.06161783043132,
            41.86884283091664,
            35.05709628591621,
            7.211102550927978,
            19.235384061671343,
            13.152946437965905,
            0.0,
            16.1245154965971,
            23.706539182259398,
            34.0147027033899
        ],
        [
            4.47213595499958,
            45.17742799230607,
            40.162171256046406,
            41.43669871020133,
            31.0,
            28.071337695236398,
            14.317821063276353,
            26.0,
            65.85590330410783,
            26.076809620810593,
            34.058772731852805,
            66.52818951391959,
            57.28001396647875,
            44.64302857109943,
            20.396078054371138,
            34.785054261852174,
            16.76305461424021,
            16.1245154965971,
            0.0,
            39.824615503479755,
            48.507731342539614
        ],
        [
            39.92492955535426,
            5.385164807134504,
            32.14031735997639,
            72.67048919609665,
            68.6804193347711,
            38.07886552931954,
            38.3275357934736,
            21.02379604162864,
            84.50443775329198,
            22.847319317591726,
            39.92492955535426,
            87.93179174792243,
            21.840329667841555,
            33.24154027718932,
            21.213203435596427,
            8.246211251235321,
            30.610455730027933,
            23.706539182259398,
            39.824615503479755,
            0.0,
            17.69180601295413
        ],
        [
            50.08991914547278,
            16.1245154965971,
            22.360679774997898,
            72.24956747275377,
            79.30952023559341,
            54.230987451824994,
            51.478150704935004,
            23.08679276123039,
            101.13357503816425,
            23.769728648009426,
            56.824290580701486,
            104.17773274553444,
            33.734255586866,
            50.91168824543142,
            28.160255680657446,
            15.524174696260024,
            34.17601498127012,
            34.0147027033899,
            48.507731342539614,
            17.69180601295413,
            0.0
        ]
    ],
    "instance_name": "P-n20-7",
    "max_vehicle_number": 2,
    "vehicle_capacity": 30.0
}